version https://git-lfs.github.com/spec/v1
oid sha256:0aaf315df351b98f7d29b6599e4f806def8f9deb8b95d439c493774ec2473154
size 3180
