# Day019 full-eight-state hybrid TDC-AC-corrected Hamiltonian, frame=006, time_ps=30.000000
# energy units: eV; matrix is real symmetric
# bright-bright finite-size correction factors were derived from frame000 TDC-AC / point-dipole ratios
# no dielectric screening is included
# basis: PYR2_alternate PYR2_bright PYR3_alternate PYR3_bright PYR4_alternate PYR4_bright PYR5_alternate PYR5_bright
0.265000000000 0.000000000000 0.000009748277 -0.000105004384 -0.000002829464 0.000040166690 -0.000004106942 0.000029411871
0.000000000000 0.331000000000 0.000144746182 -0.001201476688 -0.000021224693 0.000254151094 -0.000015305575 0.000081132620
0.000009748277 0.000144746182 0.269000000000 0.000000000000 0.000027683347 -0.000143138608 -0.000000487262 -0.000041352488
-0.000105004384 -0.001201476688 0.000000000000 0.346000000000 -0.000201614166 0.001183897846 0.000004044602 0.000281590092
-0.000002829464 -0.000021224693 0.000027683347 -0.000201614166 0.279000000000 0.000000000000 0.000010307482 0.000243638998
0.000040166690 0.000254151094 -0.000143138608 0.001183897846 0.000000000000 0.342000000000 -0.000101702128 -0.001440704978
-0.000004106942 -0.000015305575 -0.000000487262 0.000004044602 0.000010307482 -0.000101702128 0.095000000000 0.000000000000
0.000029411871 0.000081132620 -0.000041352488 0.000281590092 0.000243638998 -0.001440704978 0.000000000000 0.026000000000
