# Day019 full-eight-state hybrid TDC-AC-corrected Hamiltonian, frame=017, time_ps=85.000000
# energy units: eV; matrix is real symmetric
# bright-bright finite-size correction factors were derived from frame000 TDC-AC / point-dipole ratios
# no dielectric screening is included
# basis: PYR2_alternate PYR2_bright PYR3_alternate PYR3_bright PYR4_alternate PYR4_bright PYR5_alternate PYR5_bright
0.247000000000 0.000000000000 -0.000005990734 0.000010876338 0.000001161866 -0.000013992362 -0.000002506059 -0.000016055043
0.000000000000 0.340000000000 0.000245736330 -0.001210685059 -0.000015315148 0.000257715810 0.000022502423 0.000085833778
-0.000005990734 0.000245736330 0.264000000000 0.000000000000 0.000001888551 -0.000267731620 0.000005027638 -0.000051034713
0.000010876338 -0.001210685059 0.000000000000 0.341000000000 0.000011984597 0.001210790924 -0.000025817297 0.000283828198
0.000001161866 -0.000015315148 0.000001888551 0.000011984597 0.273000000000 0.000000000000 -0.000006491395 -0.000024057000
-0.000013992362 0.000257715810 -0.000267731620 0.001210790924 0.000000000000 0.345000000000 0.000272442951 -0.001476664848
-0.000002506059 0.000022502423 0.000005027638 -0.000025817297 -0.000006491395 0.000272442951 0.065000000000 0.000000000000
-0.000016055043 0.000085833778 -0.000051034713 0.000283828198 -0.000024057000 -0.001476664848 0.000000000000 0.006000000000
