# Day019 full-eight-state hybrid TDC-AC-corrected Hamiltonian, frame=007, time_ps=35.000000
# energy units: eV; matrix is real symmetric
# bright-bright finite-size correction factors were derived from frame000 TDC-AC / point-dipole ratios
# no dielectric screening is included
# basis: PYR2_alternate PYR2_bright PYR3_alternate PYR3_bright PYR4_alternate PYR4_bright PYR5_alternate PYR5_bright
0.261000000000 0.000000000000 0.000031919843 -0.000211717472 -0.000002670483 0.000029809129 -0.000000235129 -0.000007934062
0.000000000000 0.353000000000 0.000225998179 -0.001178481453 -0.000018278437 0.000253617361 -0.000021927449 0.000082515551
0.000031919843 0.000225998179 0.219000000000 0.000000000000 0.000027762996 -0.000256680311 -0.000002463338 -0.000038860017
-0.000211717472 -0.001178481453 0.000000000000 0.320000000000 -0.000173113288 0.001190131348 0.000013396045 0.000280356436
-0.000002670483 -0.000018278437 0.000027762996 -0.000173113288 0.270000000000 0.000000000000 0.000019103888 0.000209228691
0.000029809129 0.000253617361 -0.000256680311 0.001190131348 0.000000000000 0.343000000000 -0.000192935997 -0.001460508241
-0.000000235129 -0.000021927449 -0.000002463338 0.000013396045 0.000019103888 -0.000192935997 0.109000000000 0.000000000000
-0.000007934062 0.000082515551 -0.000038860017 0.000280356436 0.000209228691 -0.001460508241 0.000000000000 0.040000000000
