# Day019 full-eight-state hybrid TDC-AC-corrected Hamiltonian, frame=010, time_ps=50.000000
# energy units: eV; matrix is real symmetric
# bright-bright finite-size correction factors were derived from frame000 TDC-AC / point-dipole ratios
# no dielectric screening is included
# basis: PYR2_alternate PYR2_bright PYR3_alternate PYR3_bright PYR4_alternate PYR4_bright PYR5_alternate PYR5_bright
0.248000000000 0.000000000000 0.000014378890 -0.000091011654 -0.000004729521 0.000029055896 -0.000006071299 0.000017989527
0.000000000000 0.329000000000 0.000137245796 -0.001223083983 -0.000039402918 0.000254018869 -0.000032520177 0.000081146900
0.000014378890 0.000137245796 0.246000000000 0.000000000000 0.000018556067 -0.000153637844 0.000000790136 -0.000021487516
-0.000091011654 -0.001223083983 0.000000000000 0.315000000000 -0.000092039481 0.001206798497 -0.000016308257 0.000286196546
-0.000004729521 -0.000039402918 0.000018556067 -0.000092039481 0.270000000000 0.000000000000 0.000015290691 0.000094288384
0.000029055896 0.000254018869 -0.000153637844 0.001206798497 0.000000000000 0.349000000000 -0.000057083036 -0.001468364638
-0.000006071299 -0.000032520177 0.000000790136 -0.000016308257 0.000015290691 -0.000057083036 0.109000000000 0.000000000000
0.000017989527 0.000081146900 -0.000021487516 0.000286196546 0.000094288384 -0.001468364638 0.000000000000 0.041000000000
