# Day019 full-eight-state hybrid TDC-AC-corrected Hamiltonian, frame=000, time_ps=0.000000
# energy units: eV; matrix is real symmetric
# bright-bright finite-size correction factors were derived from frame000 TDC-AC / point-dipole ratios
# no dielectric screening is included
# basis: PYR2_alternate PYR2_bright PYR3_alternate PYR3_bright PYR4_alternate PYR4_bright PYR5_alternate PYR5_bright
0.249000000000 0.000000000000 0.000011329748 -0.000089195619 -0.000001906190 0.000011150241 0.000001118243 -0.000004818638
0.000000000000 0.318000000000 0.000171189928 -0.001208872502 -0.000039992724 0.000253159537 -0.000037970576 0.000078608836
0.000011329748 0.000171189928 0.250000000000 0.000000000000 0.000035777316 -0.000184517382 0.000005684100 -0.000035766257
-0.000089195619 -0.001208872502 0.000000000000 0.329000000000 -0.000251063848 0.001200548316 -0.000046965753 0.000282231792
-0.000001906190 -0.000039992724 0.000035777316 -0.000251063848 0.263000000000 0.000000000000 -0.000028251864 0.000292271141
0.000011150241 0.000253159537 -0.000184517382 0.001200548316 0.000000000000 0.340000000000 0.000102522193 -0.001458079325
0.000001118243 -0.000037970576 0.000005684100 -0.000046965753 -0.000028251864 0.000102522193 0.095000000000 0.000000000000
-0.000004818638 0.000078608836 -0.000035766257 0.000282231792 0.000292271141 -0.001458079325 0.000000000000 0.029000000000
