time_fs,PYR2,PYR3,PYR4,PYR5
0.0,0.0,0.0,0.0,1.0
10.0,3.9291448139267663e-07,0.0037947356013228865,0.21868520312045492,0.7775196683637409
20.0,2.1388396118142264e-05,0.04941115465770824,0.6096518820913651,0.34091557485480883
30.0,0.00019290607716015005,0.18234935582804732,0.7349317228063018,0.08252601528849106
40.0,0.000798899721840371,0.37377832787114235,0.4869351788207181,0.13848759358629945
50.0,0.002092152503294902,0.5214182938974974,0.16822510519213615,0.30826444840707184
60.0,0.0040044320583923106,0.5384229352303501,0.12122357315017071,0.3363490595610873
70.0,0.006086062108379992,0.4321456640090562,0.3565600952928416,0.2052081785897226
80.0,0.00780366684926262,0.2906248707095338,0.5805366479494277,0.1210348144917762
90.0,0.008930789082873113,0.19780687353390786,0.547280159643301,0.24598217773991843
100.0,0.009645596312168084,0.16947901399024679,0.319237664198104,0.5016377254994813
110.0,0.010251917793210398,0.16834680312781772,0.1650071677850529,0.6563941112939192
120.0,0.01083200155298239,0.16631969140931951,0.24524563401986482,0.5776026730178336
130.0,0.011193547630602103,0.17793084506986412,0.4496518663606824,0.36122374093885157
140.0,0.011143245820351104,0.23230019429322044,0.5447746588306801,0.2117819010557486
150.0,0.010773313646707295,0.324356206701714,0.43901474348488456,0.22585573616669433
160.0,0.010451075635164018,0.40583492383912373,0.26584807318449266,0.3178659273412199
170.0,0.010526678930724842,0.42701628839954886,0.21540048604498438,0.34705654662474217
180.0,0.011059175953817502,0.38258372085321685,0.32379960463016805,0.2825574985627978
190.0,0.011818006037418045,0.31309791442026746,0.45213462255836134,0.2229494569839532
200.0,0.012522858470681955,0.2641405959254449,0.45653844747647454,0.26679809812739863
210.0,0.013064952236278137,0.2486467578726431,0.3444426043940441,0.39384568549703475
220.0,0.013516555443475704,0.24867932932009296,0.24972887559887258,0.4880752396375589
230.0,0.013976717510183716,0.24681747860569303,0.27366387635498024,0.46554192752914325
240.0,0.014449005323976352,0.24793061993219317,0.37838649592202495,0.3592338788218058
250.0,0.01486838092362091,0.26872523963126294,0.4424260285489815,0.27398035089613504
260.0,0.015210792386625921,0.311446950141981,0.4006533034235853,0.2726889540478081
270.0,0.015541323119302725,0.3544503184732087,0.3083372835420698,0.3216710748654191
280.0,0.015949553303515124,0.3706736742066431,0.2684702352666547,0.3449065372231875
290.0,0.01645625156087335,0.35304795577029724,0.3157698750263868,0.31472591764244306
300.0,0.016998764717416667,0.31952564148697515,0.38721151927251224,0.2762640745230965
310.0,0.017503054068799342,0.29415847378025467,0.4012224861810773,0.28711598596986904
320.0,0.017954022636889704,0.28590643508092256,0.3479668860146006,0.34817265626758737
330.0,0.018389108309808097,0.28644444761346816,0.2920027816141619,0.403163662462562
340.0,0.01883534917496828,0.2854996196013897,0.29415002448482935,0.4015150067388131
350.0,0.01927159824241964,0.284099991510642,0.34591935738662916,0.3507090528603094
360.0,0.019659702874851956,0.29140253340231215,0.38601038528498405,0.3029273784378523
370.0,0.020003470842354956,0.31091696677194547,0.37210074226675083,0.29697882011894894
380.0,0.020362430964480333,0.33331629421639153,0.3243724706358865,0.32194880418324184
390.0,0.020801080976016864,0.34417716052703706,0.29690615004348403,0.33811560845346217
400.0,0.02132780605443473,0.3377086987396765,0.3157459017856977,0.3252175934201912
410.0,0.02188807674901167,0.3215222521092753,0.35411133403215017,0.302478337109563
420.0,0.022416414173564783,0.3081986067053298,0.3673441781013097,0.3020408010197961
430.0,0.02289080426989324,0.30361749860270787,0.3432094024377384,0.33028229468966064
440.0,0.023336576893108082,0.30413714062159053,0.31152409067879383,0.3610021918065077
450.0,0.023784661661743624,0.30383870475522085,0.3072206661531365,0.3651559674298991
460.0,0.024234987768218714,0.3023121846927127,0.3319068658956415,0.3415459616434271
470.0,0.024662810779450994,0.3043266976050482,0.35564730993467436,0.3153631816808265
480.0,0.02505464701618019,0.3128502271493499,0.3526527511628,0.3094423746716697
490.0,0.02543003307191145,0.32419399003256005,0.32862786457050536,0.321748112325023
500.0,0.025825470357896688,0.3309026731430313,0.3111703001905347,0.332101556308537
510.0,0.026260225783411625,0.3289450613124743,0.3176429291631891,0.32715178374092474
520.0,0.026721210110368862,0.321269548340955,0.33766173675104505,0.3143475047976308
530.0,0.027180229449994046,0.31430229183652547,0.3474629995924748,0.3110544791210054
540.0,0.02762184452355589,0.311707082074037,0.33709576328166124,0.32357531012074553
550.0,0.02805238558879659,0.3120518952675461,0.3196522222420258,0.3402434969016311
560.0,0.028484928618639962,0.3120563008790708,0.31455314732555917,0.34490562317672996
570.0,0.0289211662129401,0.31098752482419967,0.32581238277006846,0.33427892619279176
580.0,0.02935091400055181,0.3112035830777063,0.33932574708997765,0.32011975583176416
590.0,0.029767242921871363,0.3147503988834952,0.3400369806729096,0.3154453775217237
600.0,0.030177639758475188,0.3203425869647302,0.3282706061383398,0.3212091671384547
610.0,0.030597912285875887,0.32423396365427687,0.3176934335796588,0.32747469048018835
620.0,0.03103618676803842,0.3238724541219868,0.31912459884696476,0.32596676026300997
630.0,0.031485033001139466,0.32025089141800894,0.3292200340291579,0.31904404155169364
640.0,0.031929657287143,0.3165899829992666,0.33569378107510267,0.3157865786384877
650.0,0.03236222905410034,0.31508463509977896,0.3316008379941787,0.320952297851942
660.0,0.03278693993806849,0.31526273394562293,0.3222539892138914,0.32969633690241734
670.0,0.03321199670851603,0.31535295812560354,0.3181200105755811,0.33331503459029943
680.0,0.03363910552905777,0.31469518437914495,0.32291916416200483,0.3287465459297925
690.0,0.03406232750648189,0.3143989843390291,0.3303169303349946,0.3212217578194945
700.0,0.0344764723091851,0.3157485212688007,0.331842942236693,0.3179320641853213
710.0,0.03488456482941163,0.3184174919192518,0.3262562692888602,0.32044167396247647
720.0,0.035295828015416635,0.3205754055524152,0.32008851974764213,0.3240402466845262
730.0,0.03571674488367126,0.3206911905023222,0.31974916670375053,0.3238428979102562
740.0,0.036145123513679246,0.31898790133455057,0.32464164507610477,0.3202253300756656
750.0,0.036573098928604296,0.31704297771990836,0.328603644526823,0.31778027882466464
760.0,0.0369950796899324,0.31613503931592035,0.327191415496159,0.31967846549798856
770.0,0.037412001943060116,0.3161815564552422,0.3222943060005164,0.32411213560118146
780.0,0.03782823712106533,0.3162551957083185,0.31939102213680065,0.32652554503381553
790.0,0.0382456860639827,0.3158674385678334,0.3212245032061718,0.3246623721620122
800.0,0.038661883359478816,0.31550488668715504,0.32512482530379044,0.3207084046495759
810.0,0.03907361856134503,0.3159216664019471,0.32647378572021324,0.3185309293164948
820.0,0.03948131027035255,0.3171276303294016,0.32389721354424933,0.3194938458559967
830.0,0.03988903950774064,0.3182592211847924,0.32038999988038963,0.3214617394270776
840.0,0.040300438613863405,0.3184377308633539,0.31960686026079077,0.32165497026199213
850.0,0.04071517411893792,0.3176253459085512,0.3218540851035288,0.3198053948689823
860.0,0.041129705367757584,0.31657293397457303,0.32413933938496803,0.31815802127270143
870.0,0.041541083328921674,0.3160044207768548,0.3237748367144809,0.31867965917974267
880.0,0.04194949334773113,0.3159683415789818,0.321249472489895,0.3208326925833921
890.0,0.0423571221549534,0.31599427628813137,0.3193489852627407,0.32229961629417464
900.0,0.04276515701266908,0.31575681034731984,0.31988900869559417,0.3215890239444172
910.0,0.043172478652556884,0.3154498249541927,0.3218538153813782,0.3195238810118725
920.0,0.04357728885575646,0.31549513486261055,0.3227978478662171,0.31812972841541615
930.0,0.04397950898756605,0.31598874309983027,0.3216390267806113,0.31839272113199274
940.0,0.04438112909763931,0.3165390239982213,0.31967547293653364,0.3194043739676061
950.0,0.04478420443570552,0.3166584658114905,0.3189237118160851,0.3196336179367191
960.0,0.04518881551076468,0.3162486045562115,0.3198668913510039,0.3186956885820201
970.0,0.045593166093882385,0.31565535348594254,0.32110764522216756,0.3176438351980078
980.0,0.04599551786445223,0.3152792144606191,0.3210886464348963,0.3176366212400326
990.0,0.04639575756005189,0.31519566230975476,0.3197939210325258,0.3186146590976679
1000.0,0.04679504455245596,0.3151740244521493,0.318595730742528,0.3194352002528671
1010.0,0.04719421225029563,0.3150110086475087,0.3186172928120269,0.31917748629016907
1020.0,0.04759283125168138,0.314771041062724,0.3195438129691233,0.3180923147164714
1030.0,0.04798987539938848,0.3146806418158089,0.3201173354808155,0.3172121473039873
1040.0,0.04838506120254733,0.31483479239116996,0.3195964438166212,0.3171837025896615
1050.0,0.048779283255364486,0.3150652838281532,0.31849892957562886,0.31765650334085344
1060.0,0.04917371190741631,0.3151096298896566,0.31790466826732505,0.3178119899356021
1070.0,0.04956862269340874,0.31487697646193497,0.31822972114034825,0.31732467970430805
1080.0,0.04996322360863394,0.31451962272672335,0.31885283593991465,0.3166643177247282
1090.0,0.050356560496440564,0.31425407212138545,0.3189028079950974,0.31648655938707687
1100.0,0.05074843559963139,0.3141463648236138,0.3182279444179792,0.31687725515877585
1110.0,0.051139393061526164,0.3140880408945242,0.31748054637310724,0.31729201967084253
1120.0,0.05152993604560545,0.31395815821536166,0.31732291620926556,0.3171889895297676
1130.0,0.05191993616701457,0.31376906560397755,0.3177094790552257,0.31660151917378254
1140.0,0.052308859160249986,0.313637804378389,0.31801228925707226,0.31604104720428916
1150.0,0.05269645836530993,0.3136352367083298,0.317761918112588,0.3159063868137727
1160.0,0.053083106671665437,0.3136946376546282,0.3171362401028688,0.3160860155708382
1170.0,0.05346941622446657,0.3136786182478176,0.3166972385306337,0.31615472699708264
1180.0,0.05385560976271716,0.31352063064642766,0.3167427524062415,0.31588100718461426
1190.0,0.05424133748502959,0.31328360925046483,0.3170152079849254,0.31545984527958076
1200.0,0.054626090125218824,0.3130819927877852,0.3170420607468541,0.31524985634014263
1210.0,0.0550097101462959,0.31296394101601427,0.31667038960283633,0.31535595923485427
1220.0,0.05539245818353629,0.31288106701964924,0.31619687320821704,0.31552960158859805
1230.0,0.05577463197385249,0.3127641417174973,0.31599746698791276,0.3154637593207381
1240.0,0.056156213062833936,0.3126078163025873,0.31611197984531525,0.31512399078926423
1250.0,0.05653692524239101,0.31247030630845063,0.3162373192828681,0.314755449166291
1260.0,0.05691659210915499,0.3123983313494098,0.31609187916266324,0.31459319737877267
1270.0,0.05729536300984029,0.3123688931308842,0.315716876893928,0.3146188669653482
1280.0,0.05767356285930128,0.3123120284668294,0.315396291180355,0.3146181174935149
1290.0,0.058051355892924074,0.31218398748717585,0.31532384181432055,0.31444081480558006
1300.0,0.05842859883581022,0.3120081909710561,0.3154043229726429,0.31415888722049135
1310.0,0.05880502038218771,0.3118437700205913,0.31538879159059824,0.3139624180066232
1320.0,0.05918050312471982,0.3117227052697719,0.3151606692364961,0.3139361223690127
1330.0,0.05955516213513329,0.3116250045105767,0.31484711799289117,0.3139727153613995
1340.0,0.0599291681342036,0.3115123447458377,0.31465470530519624,0.313903781814763
1350.0,0.060302542008244836,0.3113756152942892,0.3146372739770436,0.31368456872042283
1360.0,0.06067514881887712,0.31124256600824546,0.314654246892938,0.3134280382799398
1370.0,0.0610468741286859,0.3111417971770957,0.31454350596918473,0.313267822725034
1380.0,0.06141776691055578,0.3110677489434824,0.31429861152875654,0.3132158726172056
1390.0,0.06178799157036114,0.31098582126747965,0.3140585736666523,0.31316761349550737
1400.0,0.06215765560835231,0.31086910807725254,0.31394186964952575,0.31303136666486997
1410.0,0.0625267086117054,0.31072461261184725,0.3139210320067423,0.3128276467697057
1420.0,0.06289501277881944,0.310582150364424,0.31386865522572016,0.31265418163103714
1430.0,0.06326249194928597,0.31046170384103805,0.3137061647304939,0.3125696394791828
1440.0,0.06362919371272857,0.31035602010833213,0.31348333912964854,0.31253144704929137
1450.0,0.06399521193254948,0.3102445319935058,0.31331035402694185,0.3124499020470036
1460.0,0.06436057271844281,0.310119219664309,0.31323201433064807,0.3122881932866009
1470.0,0.06472521306795204,0.3099926502247011,0.31318639721327457,0.31209573949407293
1480.0,0.06508906477423966,0.30988143876388297,0.31308330849182636,0.3119461879700516
1490.0,0.06545213918551329,0.3097860894549352,0.3129046750930042,0.31185709626654806
1500.0,0.06581451794019544,0.3096900363244865,0.3127160815602157,0.311779364175103
1510.0,0.06617626684312322,0.3095774961462802,0.3125867885161865,0.3116594484944107
1520.0,0.06653737214852855,0.3094493090196169,0.3125146550283707,0.31149866380348434
1530.0,0.06689776489715939,0.30932011130212106,0.3124364460129248,0.3113456777877952
1540.0,0.067257398154581,0.3092018495803516,0.3123029405734132,0.31123781169165476
1550.0,0.06761628981724242,0.30909258263224215,0.3121305733828963,0.3111605541676196
1560.0,0.06797449083058603,0.30898159934408875,0.31197643247542806,0.3110674773498976
1570.0,0.06833202329460832,0.30886308306265425,0.31187207220399554,0.31093282143874235
1580.0,0.06868885970103093,0.3087423422597251,0.31179217063021714,0.3107766274090273
1590.0,0.0690449612325186,0.3086286391979461,0.31168805689938894,0.3106383426701468
1600.0,0.06940032637708533,0.3085239893409763,0.31154277811155257,0.3105329061703861
1610.0,0.06975499478305315,0.3084207627420833,0.3113858863016865,0.3104383561731774
1620.0,0.07010900559964887,0.30831003807594837,0.31125642194789704,0.31032453437650614
1630.0,0.07046235914549814,0.30819077179696813,0.3111597625497328,0.3101871065078013
1640.0,0.070815022434366,0.3080699270921196,0.3110655858146933,0.31004946465882144
1650.0,0.07116696799711235,0.3079543989361943,0.3109445935299712,0.30993403953672255
1660.0,0.0715182012270325,0.30784420694817827,0.3108000566539842,0.3098375351708054
1670.0,0.07186874906742767,0.30773394472586224,0.3106606881749267,0.3097366180317838
1680.0,0.07221862750712872,0.30761979278387064,0.31054680767468307,0.3096147720343179
1690.0,0.07256782593417159,0.3075037588285879,0.3104492862328991,0.3094791290043417
1700.0,0.0729163234941911,0.3073908245703107,0.31034260854498263,0.3093502433905158
1710.0,0.07326411590271868,0.3072829171776524,0.310214198113548,0.3092387688060811
1720.0,0.07361122194628623,0.3071766942937974,0.3100765560795202,0.30913552768039626
1730.0,0.07395766416060186,0.30706727036138814,0.30995100374453993,0.3090240617334702
1740.0,0.07430344681486058,0.3069533405264242,0.3098437090792581,0.3088995035794572
1750.0,0.07464855498889664,0.3068380919459857,0.30974072446125034,0.3087726286038674
1760.0,0.0749929734743025,0.30672538603241223,0.30962528777126996,0.3086563527220154
1770.0,0.07533670324706368,0.3066157931448588,0.30949624424997285,0.30855125935810473
1780.0,0.07567975848276826,0.30650667650259966,0.30936757224406264,0.3084459927705695
1790.0,0.07602214995901779,0.30639568290880176,0.3092516098617128,0.30833055727046765
1800.0,0.0763638745939711,0.306283417176608,0.3091458949770386,0.3082068132523824
1810.0,0.07670492184012619,0.30617247063238867,0.30903743519201954,0.3080851723354658
1820.0,0.07704528804294151,0.3060642725723221,0.30891788082969385,0.30797255855504274
1830.0,0.07738498209125123,0.30595746051607187,0.30879201982284415,0.3078655375698331
1840.0,0.07772401686995438,0.3058494347509636,0.30867116009305123,0.307755388286031
1850.0,0.07806239701188482,0.3057391345465824,0.308560209163869,0.3076382592776639
1860.0,0.0784001164177646,0.30562794550830563,0.3084530931893959,0.30751884488453407
1870.0,0.0787371671447006,0.30551797223564114,0.3083405370568189,0.30740432356283953
1880.0,0.07907354895664724,0.3054098073507766,0.30822043882711564,0.3072962048654607
1890.0,0.07940926937867494,0.30530221590597095,0.30809934891107327,0.307189165804281
1900.0,0.07974433547649276,0.3051938142082382,0.3079844382809795,0.3070774120342897
1910.0,0.08007874731927593,0.30508467036571046,0.3078756783988961,0.30696090391611747
1920.0,0.08041250006421745,0.3049760876433928,0.3077666558277758,0.306844756464614
1930.0,0.08074559141731918,0.30486900932323774,0.307652192498158,0.30673320676128507
1940.0,0.08107802569491089,0.30476294329601356,0.3075337952079453,0.3066252358011303
1950.0,0.08140981031322868,0.3046565441041963,0.3074172907831951,0.30651635479938005
1960.0,0.0817409491845777,0.304549074096709,0.3073060612741064,0.30640391544460693
1970.0,0.08207144040151843,0.30444109139829606,0.3071976670149161,0.30628980118526944
1980.0,0.08240128022191313,0.3043337137793958,0.30708712788313486,0.30617787811555636
1990.0,0.08273046841344076,0.304227401187798,0.306972583990933,0.30606954640782835
2000.0,0.08305900913845334,0.30412160445583364,0.3068569602575498,0.3059624261481633
2010.0,0.08338690702762128,0.30401553998584824,0.3067442784842739,0.30585327450225674
2020.0,0.08371416329993749,0.30390910962350093,0.30663518957391206,0.30574153750264976
2030.0,0.08404077615491946,0.3038029453020497,0.3065266374817104,0.3056296410613206
2040.0,0.08436674453051547,0.30369762693380753,0.3064155631057115,0.3055200654299656
2050.0,0.08469207074368748,0.30359301903532826,0.30630220451409623,0.3054127057068881
2060.0,0.08501675921011825,0.30348844474786607,0.30618947531423646,0.30530532072777933
2070.0,0.08534081298520974,0.3033834330046379,0.30607952448171843,0.30519622952843406
2080.0,0.08566423205350754,0.30327818051586264,0.30597150246574384,0.3050860849648862
2090.0,0.08598701500729414,0.3031732657951309,0.305862811264276,0.3049769079332992
2100.0,0.08630916194997255,0.30306900336402637,0.30575210396437447,0.30486973072162676
2110.0,0.08663067539914486,0.3029651664095594,0.30564060117744474,0.3047635570138512
2120.0,0.08695155848828427,0.3028613253913079,0.3055304889621438,0.3046566271582643
2130.0,0.08727181275034959,0.30275735908057455,0.30542244975349825,0.3045483784155778
2140.0,0.0875914379465889,0.3026535610105675,0.30531508877886904,0.3044399122639748
2150.0,0.08791043389841793,0.30255027018180497,0.3052066665361556,0.3043326293836217
2160.0,0.08822880210130202,0.30244748110183733,0.30509701319940036,0.3042267035974604
2170.0,0.08854654536725438,0.3023448635548782,0.304987537869554,0.30412105320831356
2180.0,0.08886366606440654,0.3022421331729014,0.30487953304134907,0.30401466772134317
2190.0,0.08918016498357463,0.302139340040765,0.3047727925175384,0.3039077024581221
2200.0,0.08949604197712176,0.3020367755300866,0.3046660001387111,0.3038011823540807
2210.0,0.08981129749216298,0.30193463924585284,0.30455827380804074,0.30369578945394354
2220.0,0.09012593326389605,0.3018328483946318,0.3044500700057781,0.3035911483356942
2230.0,0.09043995153812946,0.30173117448054043,0.3043425426414754,0.30348633133985486
2240.0,0.09075335384668973,0.3016295186965937,0.3042362189724099,0.3033809084843068
2250.0,0.09106614072067408,0.3015280100254162,0.30413049800476205,0.3032753512491479
2260.0,0.09137831254901498,0.3014268388459796,0.30402442233166005,0.30317042627334556
2270.0,0.09168987052011669,0.3013260363283165,0.30391775000801946,0.30306634314354747
2280.0,0.09200081660485794,0.30122544693558806,0.3038111360788746,0.30296260038067946
2290.0,0.09231115268822931,0.3011249060443541,0.30370532608445006,0.3028586151829666
2300.0,0.09262087986794798,0.30102441133894975,0.303600341066426,0.3027543677266764
2310.0,0.09292999865319267,0.3009241051958446,0.3034955349314102,0.3026503612195528
2320.0,0.0932385097515762,0.30082410786774977,0.30339036564247374,0.30254701673820045
2330.0,0.09354641453838096,0.30072439644758153,0.3032849688213465,0.30244422019269124
2340.0,0.09385371474793264,0.3006248528857804,0.3031799360342916,0.3023414963319956
2350.0,0.09416041181715588,0.300525408128848,0.3030756250268999,0.30223855502709646
2360.0,0.09446650663552486,0.30042611443224965,0.30297179830770005,0.3021355806245256
2370.0,0.09477199992836652,0.30032707504782447,0.3028679442983567,0.30203298072545254
2380.0,0.09507689278631491,0.30022832345953643,0.30276385909611836,0.30193092465803056
2390.0,0.09538118674610128,0.30012978949010755,0.3026598320603315,0.3018291917034599
2400.0,0.09568488337692505,0.300031380997056,0.30255627859265116,0.30172745703336795
2410.0,0.09598798386670239,0.29993308175804023,0.3024532773429814,0.3016256570322762
2420.0,0.09629048905191469,0.2998349588828952,0.3023505223987449,0.3015240296664454
2430.0,0.09659239980974559,0.2997370819380709,0.30224769570369964,0.30142282254848396
2440.0,0.09689371735315493,0.29963945012582616,0.30214481158497747,0.30132202093604166
2450.0,0.09719444312602699,0.29954200423536986,0.30204216414785073,0.3012213884907526
2460.0,0.0974945784611829,0.29944469992367406,0.3019399782582778,0.3011207433568654
2470.0,0.09779412440048363,0.299347555528218,0.30183817377293287,0.30102014629836554
2480.0,0.09809308185452215,0.2992506252329474,0.3017364849901231,0.3009198079224075
2490.0,0.09839145189101939,0.29915393489780256,0.3016347674579364,0.3008198457532418
2500.0,0.09868923582295186,0.2990574546102909,0.30153313993830916,0.3007201696284483
2510.0,0.09898643501989686,0.2989611342695208,0.3014318267863635,0.300620603924219
2520.0,0.09928305067312079,0.2988649576576171,0.30133090358826375,0.30052108808099853
2530.0,0.09957908377166064,0.29876895497096734,0.3012302317645405,0.30042172949283164
2540.0,0.09987453529133096,0.298673165079124,0.30112963139767013,0.30032266823187503
2550.0,0.10016940637100528,0.29857759346541496,0.3010290798254008,0.300223920338179
2560.0,0.10046369828923693,0.2984822113480465,0.30092871827246687,0.3001253720902498
2570.0,0.10075741229132364,0.2983869917774177,0.30082868079456176,0.300026915136697
2580.0,0.10105054947196841,0.2982919392059291,0.30072894982787174,0.29992856149423075
2590.0,0.10134311083486386,0.2981970811049841,0.3006293913263634,0.29983041673378863
2600.0,0.10163509744499828,0.2981024348853502,0.30052991181098004,0.2997325558586714
2610.0,0.10192651049776347,0.29800798879279683,0.30043055440800825,0.2996349463014314
2620.0,0.10221735123746087,0.297913716274635,0.30033143671806123,0.29953749576984284
2630.0,0.10250762082832263,0.2978196049410762,0.30023261522583605,0.299440159004765
2640.0,0.10279732032150511,0.2977256675030112,0.30013403070734723,0.2993429814681363
2650.0,0.10308645074280617,0.297631924965213,0.30003558456994917,0.2992460397220315
2660.0,0.1033750131937081,0.2975383831836422,0.2999372492919774,0.29914935433067213
2670.0,0.10366300885622057,0.297445028627338,0.29983908989913,0.2990528726173113
2680.0,0.10395043890812368,0.2973518455455341,0.29974118307634195,0.29895653247000015
2690.0,0.10423730445107485,0.29725883340032727,0.29964353262187743,0.2988603295267203
2700.0,0.10452360652825018,0.2971660055876749,0.2995460729173726,0.29876431496670214
2710.0,0.10480934620254853,0.297073372877551,0.2994487469950395,0.29866853392486087
2720.0,0.10509452460363164,0.2969809312482083,0.29935156665328394,0.29857297749487594
2730.0,0.10537914289565346,0.2968886669307044,0.299254591704195,0.29847759846944694
2740.0,0.10566320220846946,0.29679657149293537,0.2991578596910341,0.2983823666075609
2750.0,0.10594670361006359,0.29670464970808197,0.2990613473891702,0.29828729929268405
2760.0,0.10622964814531506,0.29661291254442673,0.2989650022409063,0.2981924370693518
2770.0,0.10651203689205092,0.2965213644829131,0.29886880194840193,0.29809779667663383
2780.0,0.10679387097249024,0.2964299993747556,0.29877277484217685,0.29800335481057716
2790.0,0.10707515151315206,0.2963388082692315,0.2986769632517525,0.29790907696586383
2800.0,0.10735587960280123,0.29624778930183876,0.29858137583707056,0.29781495525828927
2810.0,0.10763605629430285,0.29615694867883735,0.29848598151679584,0.29772101351006375
2820.0,0.10791568264356068,0.2960662926575918,0.2983907469927484,0.2976272777060989
2830.0,0.10819475973920305,0.29597582021080987,0.29829567256530537,0.29753374748468164
2840.0,0.10847328869151315,0.29588552431599097,0.29820078766175334,0.2974403993307425
2850.0,0.10875127059678959,0.29579539958637624,0.29810611546200133,0.2973472143548328
2860.0,0.10902870651795284,0.29570544738934385,0.2980116481463985,0.29725419794630475
2870.0,0.10930559750052062,0.29561567322007887,0.2979173583906215,0.2971613708887789
2880.0,0.10958194460276213,0.2955260800349725,0.29782323060204413,0.2970687447602212
2890.0,0.109857748906316,0.2954366651111097,0.29772927616724426,0.29697630981532996
2900.0,0.11013301149789412,0.2953474234468503,0.2976355176884977,0.2968840473667578
2910.0,0.11040773344565952,0.295258353178343,0.2975419630045671,0.2967919503714303
2920.0,0.1106819157961587,0.29516945697589986,0.2974485978392253,0.29670002938871604
2930.0,0.11095555959330519,0.29508073825920433,0.2973554033584266,0.29660829878906375
2940.0,0.11122866589601454,0.29499219697978774,0.2972623765816541,0.2965167605425434
2950.0,0.11150123577563692,0.2949038295677151,0.2971695314679967,0.2964254031886511
2960.0,0.1117732702979185,0.2948156326968319,0.29707688156234624,0.29633421544290317
2970.0,0.1120447705105885,0.2947276064050972,0.29698442502244127,0.29624319806187294
2980.0,0.11231573744927513,0.2946397532927391,0.2968921479230645,0.2961523613349212
2990.0,0.11258617215336472,0.29455207509606207,0.296800040257204,0.29606171249336904
3000.0,0.11285607567366482,0.29446457061272124,0.29670810594095015,0.29597124777266365
3010.0,0.11312544906459729,0.29437723705079855,0.29661635664756114,0.2958809572370429
3020.0,0.11339429337124478,0.2942900729291319,0.29652479796471887,0.2957908357349043
3030.0,0.1136626096258245,0.29420307921735944,0.2964334236205903,0.29570088753622564
3040.0,0.11393039885644339,0.29411625766536353,0.29634222314375586,0.29561112033443704
3050.0,0.11419766209735839,0.2940296084166128,0.2962511933292175,0.2955215361568112
3060.0,0.11446440038925867,0.2939431296204679,0.29616034049240836,0.29543212949786485
3070.0,0.11473061477036495,0.2938568192390913,0.2960696721968691,0.29534289379367445
3080.0,0.11499630626891605,0.29377067687082387,0.29597918855602645,0.29525382830423347
3090.0,0.11526147590497529,0.2936847036267845,0.2958888825631062,0.2951649379051338
3100.0,0.11552612469856499,0.2935989004134212,0.29579874808351075,0.2950762268045029
3110.0,0.11579025367465169,0.29351326665435357,0.2957087859882914,0.29498769368270317
3120.0,0.11605386386009675,0.2934278007518581,0.2956190021038555,0.29489933328418955
3130.0,0.11631695627669826,0.29334250160884384,0.29552939998357525,0.29481114213088255
3140.0,0.11657953193834475,0.29325736943834874,0.29543997688569107,0.29472312173761533
3150.0,0.11684159185503963,0.2931724050328085,0.29535072707814525,0.2946352760340065
3160.0,0.11710313703859124,0.29308760846996657,0.29526164801901056,0.29454760647243156
3170.0,0.11736416850356335,0.29300297873731007,0.29517274233999075,0.2944601104191358
3180.0,0.11762468726307289,0.29291851455560214,0.29508401411114465,0.2943727840701803
3190.0,0.11788469432433286,0.2928342154292928,0.2949954638550728,0.29428562639130146
3200.0,0.11814419068893386,0.2927500817341979,0.29490708799992454,0.2941986395769436
3210.0,0.11840317735701213,0.29266611385636154,0.2948188828729253,0.2941118259137009
3220.0,0.11866165533022323,0.29258231145616026,0.29473084821955725,0.29402518499405916
3230.0,0.11891962561084002,0.2924986735501267,0.29464298689430746,0.29393871394472576
3240.0,0.11917708919784996,0.2924151993468091,0.2945553009109758,0.293852410544365
3250.0,0.11943404708520536,0.2923318887256853,0.2944677890785634,0.2937662751105458
3260.0,0.11969050026343789,0.29224874196839273,0.2943804481859298,0.2936803095822395
3270.0,0.11994644972290334,0.2921657590422151,0.2942932763992995,0.29359451483558197
3280.0,0.12020189645466085,0.29208293931528384,0.2942062747178109,0.29350888951224435
3290.0,0.12045684144844655,0.29200028194404276,0.2941194452272027,0.29342343138030796
3300.0,0.12071128569013703,0.29191778645507943,0.2940327883522523,0.29333813950253124
3310.0,0.12096523016154762,0.29183545287384166,0.2939463021758157,0.29325301478879495
3320.0,0.1212186758425594,0.29175328129347783,0.2938599844325414,0.2931680584314213
3330.0,0.12147162371299412,0.2916712714280846,0.2937738346362138,0.29308327022270736
3340.0,0.12172407475224596,0.2915894226247954,0.29368785407245934,0.29299864855049923
3350.0,0.12197602993735875,0.2915077342707229,0.29360204388122074,0.2929141919106975
3360.0,0.12222749024166021,0.2914262061375733,0.2935164033802673,0.29282990024049915
3370.0,0.12247845663569508,0.2913448382326761,0.29343093071345866,0.2927457744181702
3380.0,0.12272893008887777,0.2912636304346226,0.2933456245761356,0.292661814900364
3390.0,0.12297891157027578,0.29118258227746524,0.2932604852861532,0.29257802086610574
3400.0,0.12322840204747482,0.2911016931609052,0.29317551384324864,0.2924943909483714
3410.0,0.12347740248524286,0.291020962656975,0.29309071048019986,0.29241092437758226
3420.0,0.1237259138451634,0.29094039063473703,0.29300607403783735,0.2923276214822622
3430.0,0.12397393708687555,0.29085997701126987,0.2929216031150893,0.2922444827867653
3440.0,0.12422147316905582,0.2907797215248286,0.29283729714502893,0.29216150816108666
3450.0,0.12446852304947961,0.2906996236764675,0.29275315670531005,0.2920786965687428
3460.0,0.12471508768386086,0.2906196829772096,0.29266918235438144,0.2919960469845481
3470.0,0.12496116802501182,0.29053989915367173,0.2925853736370919,0.29191355918422446
3480.0,0.12520676502333056,0.29046027207615416,0.2925017293898623,0.291831233510653
3490.0,0.12545187962769327,0.29038080156613594,0.29241824864723703,0.2917490701589337
3500.0,0.12569651278604987,0.2903014872381284,0.29233493141982414,0.2916670685559975
3510.0,0.1259406654447877,0.29022232862068453,0.2922517781476704,0.29158522778685725
3520.0,0.12618433854796435,0.29014332532356263,0.29216878891959364,0.2915035472088793
3530.0,0.12642753303700915,0.29006447713410827,0.29208596299159595,0.2914220268372865
3540.0,0.1266702498513063,0.28998578390775476,0.2920032992863945,0.29134066695454425
3550.0,0.12691248992904144,0.2899072453695225,0.29192079733896115,0.29125946736247466
3560.0,0.1271542542071855,0.2898288610976266,0.2918384573906251,0.29117842730456256
3570.0,0.12739554362073519,0.2897506306799608,0.291756279658283,0.29109754604102084
3580.0,0.1276363591022825,0.2896725538217902,0.29167426381221223,0.29101682326371486
3590.0,0.12787670158215644,0.2895946303393322,0.2915924089824326,0.29093625909607856
3600.0,0.12811657198906223,0.2895168600209463,0.29151071441297294,0.2908558535770184
3610.0,0.12835597125051434,0.2894392425177575,0.2914291799941901,0.2907756062375379
3620.0,0.12859490029242124,0.28936177741949354,0.29134780592328885,0.2906955163647962
3630.0,0.12883336003855067,0.28928446437197636,0.29126659215373146,0.29061558343574134
3640.0,0.12907135141036946,0.2892073031331839,0.29118553811257375,0.2905358073438727
3650.0,0.12930887532736987,0.2891302935136138,0.29110464297126365,0.2904561881877525
3660.0,0.12954593270766074,0.2890534352390295,0.2910239062991406,0.29037672575416906
3670.0,0.12978252446800473,0.2889767279298536,0.29094332817198815,0.2902974194301533
3680.0,0.13001865152326808,0.2889001712148104,0.29086290864210995,0.2902182686198114
3690.0,0.13025431478612953,0.2888237648011687,0.2907826474004882,0.29013927301221343
3700.0,0.13048951516719476,0.288747508469334,0.2907025437836139,0.29006043257985725
3710.0,0.13072425357535397,0.2886714019979419,0.2906225971237554,0.28998174730294857
3720.0,0.13095853091816967,0.2885954450652294,0.29054280722880305,0.2899032167877977
3730.0,0.13119234810166713,0.2885196372853157,0.29046317422244616,0.2898248403905708
3740.0,0.13142570602981765,0.2884439783249451,0.29038369799251934,0.2897466176527177
3750.0,0.1316586056044032,0.28836846794096754,0.29030437800857706,0.2896685484460521
3760.0,0.13189104772537896,0.2882931059162841,0.2902252136093206,0.2895906327490162
3770.0,0.13212303329121342,0.28821789198190706,0.29014620437389194,0.2895128703529875
3780.0,0.1323545631989293,0.28814282579231015,0.2900673502527795,0.2894352607559809
3790.0,0.13258563834382825,0.28806790698176543,0.28998865130641155,0.28935780336799466
3800.0,0.13281625961908627,0.2879931352629313,0.28991010723094773,0.2892804978870346
3810.0,0.13304642791582338,0.2879185104222069,0.28983171737026986,0.28920334429169975
3820.0,0.13327614412357064,0.2878440322192744,0.2897534811883744,0.28912634246878044
3830.0,0.133505409130434,0.2877697003492723,0.289675398450438,0.2890494920698556
3840.0,0.1337342238229854,0.28769551445090485,0.28959746920113505,0.28897279252497454
3850.0,0.13396258908585446,0.28762147419690187,0.28951969333885913,0.2888962433783844
3860.0,0.1341905058015882,0.28754757933860364,0.28944207039319547,0.2888198444666125
3870.0,0.13441797485088508,0.287473829664449,0.289364599712054,0.28874359577261177
3880.0,0.13464499711298009,0.2874002249113771,0.2892872808836273,0.2886674970920154
3890.0,0.1348715734657183,0.2873267647379857,0.28921011387371687,0.288591547922579
3900.0,0.13509770478520444,0.2872534487974553,0.2891330986861233,0.28851574773121685
3910.0,0.13532339194552084,0.28718027680538594,0.2890562350376247,0.28844009621146854
3920.0,0.13554863581874943,0.28710724854506897,0.2889795223238263,0.28836459331235526
3930.0,0.13577343727538335,0.287034363784378,0.28890296000464843,0.2882892389355901
3940.0,0.1359977971845362,0.28696162222208177,0.28882654786569906,0.2882140327276829
3950.0,0.1362217164137661,0.2868890235142367,0.2887502859066168,0.2881389741653804
3960.0,0.13644519582879577,0.28681656733678274,0.28867417404596213,0.2880640627884593
3970.0,0.13666823629330574,0.28674425344422305,0.28859821183260725,0.28798929842986387
3980.0,0.13689083866914772,0.286672081630126,0.28852239862573154,0.28791468107499474
3990.0,0.13711300381674846,0.2866000516343173,0.2884467340367573,0.2878402105121769
4000.0,0.13733473259517637,0.2865281631237032,0.2883712180248904,0.28776588625622995
4010.0,0.13755602586176816,0.2864564157643469,0.2882958505672346,0.2876917078066503
4020.0,0.13777688447190206,0.2863848092769832,0.2882206313922843,0.2876176748588304
4030.0,0.13799730927905163,0.2863133434398983,0.2881455599526786,0.28754378732837144
4040.0,0.13821730113505584,0.28624201803316834,0.28807063568533026,0.28747004514644553
4050.0,0.13843686089041368,0.2861708327648926,0.2879958583686125,0.28739644797608116
4060.0,0.13865598939415816,0.28609978729039737,0.28792122804088954,0.2873229952745549
4070.0,0.13887468749346943,0.28602888129867043,0.2878467445923335,0.2872496866155266
4080.0,0.13909295603353472,0.2859581145523081,0.2877724075687277,0.28717652184542947
4090.0,0.13931079585779543,0.28588748684187415,0.28769821637885634,0.2871035009214741
4100.0,0.13952820780827338,0.2858169979130009,0.2876241706401299,0.28703062363859577
4110.0,0.13974519272563143,0.28574664744501627,0.28755027028768537,0.2869578895416669
4120.0,0.13996175144886128,0.2856764351121088,0.2874765152937625,0.2868852981452675
4130.0,0.14017788481507507,0.28560636063293365,0.28740290543085134,0.28681284912113997
4140.0,0.1403935936594751,0.2855364237929499,0.28732944015179157,0.28674054239578345
4150.0,0.14060887881565498,0.28546662438165277,0.2872561188831562,0.28666837791953603
4160.0,0.14082374111591606,0.28539696211332766,0.2871829414088186,0.28659635536193767
4170.0,0.14103818139114835,0.28532743664621896,0.28710990778715656,0.2865244741754761
4180.0,0.14125220047040463,0.2852580476775824,0.28703701790212305,0.2864527339498899
4190.0,0.14146579918079044,0.28518879497274324,0.28696427132243235,0.28638113452403396
4200.0,0.14167897834769216,0.28511967832895546,0.28689166745901795,0.2863096758643345
4210.0,0.14189173879510933,0.2850506975006319,0.2868192059199799,0.2862383577842789
4220.0,0.14210408134571223,0.284981852174985,0.28674688663727793,0.28616717984202483
4230.0,0.1423160068205797,0.2849131420238207,0.28667470962884,0.2860961415267597
4240.0,0.142527516038899,0.2848445667761513,0.2866026746504206,0.2860252425345292
4250.0,0.1427386098179845,0.28477612622641885,0.28653078114559394,0.28595448281000274
4260.0,0.1429492889736135,0.28470782016362284,0.28645902857769706,0.2858838622850667
4270.0,0.1431595543202817,0.2846396483079933,0.2863874167359696,0.2858133806357554
4280.0,0.1433694066710914,0.2845716103283308,0.2863159456615039,0.285743037339074
4290.0,0.1435788468373561,0.2845037059281765,0.28624461524230105,0.2856728319921665
4300.0,0.14378787562848738,0.28443593487762037,0.2861734250573921,0.2856027644365003
4310.0,0.14399649385224478,0.28436829697075877,0.286102374566047,0.2855328346109496
4320.0,0.14420470231495502,0.2843007919775715,0.28603146333536933,0.28546304237210424
4330.0,0.14441250182168477,0.2842334195920782,0.28596069129859925,0.2853933872876379
4340.0,0.14461989317598206,0.2841661794849897,0.2858900585116913,0.28532386882733707
4350.0,0.14482687717950302,0.28409907139303786,0.2858195647256121,0.28525448670184717
4360.0,0.14503345463204895,0.28403209512046057,0.2857492093708471,0.2851852408766435
4370.0,0.14523962633196164,0.28396525045537896,0.28567899194900453,0.2851161312636549
4380.0,0.14544539307629623,0.28389853712896623,0.28560891222881896,0.28504715756591864
4390.0,0.14565075566076371,0.28383195481673074,0.28553897025161046,0.2849783192708951
4400.0,0.1458557148793414,0.28376550322220795,0.2854691659392859,0.2849096159591648
4410.0,0.1460602715241234,0.28369918212042944,0.2853994988797859,0.2848410474756614
4420.0,0.14626442638555642,0.283632991317335,0.2853299685082908,0.28477261378881796
4430.0,0.14646818025272546,0.2835669305854225,0.2852605744127521,0.2847043147491001
4440.0,0.1466715339134778,0.28350099962422376,0.285191316532665,0.2846361499296336
4450.0,0.14687448815416937,0.2834351981117886,0.28512219492110075,0.2845681188129415
4460.0,0.1470770437593156,0.28336952578861063,0.2850532093427232,0.28450022110935075
4470.0,0.14727920151159532,0.283303982464185,0.2849843592364071,0.28443245678781276
4480.0,0.14748096219226925,0.2832385679316556,0.2849156441117676,0.2843648257643077
4490.0,0.1476823265813534,0.28317328192602553,0.2848470637504954,0.2842973277421258
4500.0,0.14788329545749526,0.2831081241377013,0.28477861815619554,0.284229962248608
4510.0,0.1480838695977214,0.28304309426788243,0.284710307294062,0.28416272884033433
4520.0,0.14828404977719276,0.28297819209430614,0.2846421307699401,0.28409562735856114
4530.0,0.14848383676940408,0.28291341743630094,0.28457408798723927,0.2840286578070559
4540.0,0.14868323134656927,0.2828487700674685,0.2845061785616624,0.2839618200243
4550.0,0.14888223427970243,0.28278424968915566,0.28443840245540447,0.2838951135757376
4560.0,0.14908084633830768,0.28271985599367166,0.2843707596843957,0.2838285379836251
4570.0,0.1492790682901345,0.2826555887225849,0.28430325003981094,0.28376209294746985
4580.0,0.14947690090113255,0.2825914476845173,0.28423587299717323,0.2836957784171771
4590.0,0.14967434493582218,0.2825274326818748,0.28416862805452386,0.28362959432777934
4600.0,0.14987140115747274,0.28246354347065256,0.2841015149235693,0.2835635404483057
4610.0,0.15006807032814,0.28239977973365255,0.28403453367435966,0.283497616263848
4620.0,0.15026435320826495,0.2823361411687486,0.28396768431982394,0.2834318213031627
4630.0,0.15046025055640913,0.2822726275605118,0.28390096646558594,0.2833661554174934
4640.0,0.15065576312946657,0.28220923874342196,0.28383437947472945,0.2833006186523823
4650.0,0.15085089168311222,0.2821459745004347,0.2837679229492864,0.28323521086716696
4660.0,0.15104563697189635,0.28208283453349065,0.2837015968784055,0.2831699316162078
4670.0,0.15123999974887362,0.28201981853920577,0.28363540128760983,0.2831047804243111
4680.0,0.15143398076540218,0.2819569262551574,0.2835693360192894,0.2830397569601514
4690.0,0.15162758077102356,0.28189415749703806,0.2835034005476595,0.28297486118427917
4700.0,0.15182080051383617,0.281831512087733,0.28343759430302223,0.28291009309540893
