time_fs,PYR2,PYR3,PYR4,PYR5
0.0,0.0,0.0,0.0,1.0
10.0,9.801037210237304e-06,0.0037807681250156358,0.2186905937824478,0.7775188370553261
20.0,0.0005298910351815853,0.04867413928660057,0.6099099143743799,0.34088605530383764
30.0,0.004722325069064491,0.1760421739076527,0.7367653423880567,0.08247015863522587
40.0,0.019205327368703513,0.3496545697526013,0.49186878719809735,0.1392713156805976
50.0,0.049001946934903375,0.46519099072770265,0.17306785597037835,0.31273920636701535
60.0,0.09042218184949301,0.4477207239888177,0.11459880507473394,0.3472582890869551
70.0,0.13062439049374117,0.32552606105294496,0.32591157168015233,0.21793797677316132
80.0,0.15635752202199094,0.1990372570682431,0.5269813596795044,0.11762386123026149
90.0,0.1639569492548521,0.14345565116334028,0.49098252860101677,0.20160487098079088
100.0,0.1606079884671201,0.15146187650259682,0.2831300769441139,0.40480005808616926
110.0,0.1559839743298884,0.16811741748194325,0.1498422151023314,0.5260563930858373
120.0,0.15340250101306405,0.16551338416494107,0.2246256973066679,0.4564584175153271
130.0,0.14947709939925438,0.16961039632277353,0.39575143822115816,0.2851610660568141
140.0,0.1414579515896726,0.21653733817464363,0.45985804165196453,0.18214666858371945
150.0,0.13320968197110078,0.29768521881082594,0.35666555334824784,0.21243954586982572
160.0,0.1329034821344894,0.3597341438406807,0.2168231864136478,0.2905391876111824
170.0,0.14500312958208414,0.35785059300665567,0.1938284099623979,0.3033178674488625
180.0,0.16526220488651455,0.3005548106009925,0.2921608364357174,0.24202214807677577
190.0,0.18392811769548467,0.23828982894047546,0.3816789414352386,0.19610311192880145
200.0,0.1936676191702042,0.21233054635151674,0.35938910020835363,0.23461273426992565
210.0,0.19439125014797096,0.22072975119230198,0.26140090855974873,0.32347809009997863
220.0,0.1911345964615129,0.23298311509432565,0.20654347370042525,0.3693388147437365
230.0,0.18836120592700456,0.2296841249984039,0.2537442112962194,0.3282104577783725
240.0,0.18675503032159935,0.22096383790536686,0.3416790517454866,0.2506020800275475
250.0,0.1847832311197167,0.22773257412728498,0.3689510711516427,0.21853312360135566
260.0,0.18202209155723015,0.2528157214796221,0.3106280643722454,0.25453412259090236
270.0,0.18015073370375334,0.27640932797488116,0.23801856927836654,0.30542136904299894
280.0,0.18096234193617103,0.2786123799811249,0.23013968154026063,0.3102855965424434
290.0,0.1842129142820922,0.2610088457512768,0.2862557494970342,0.2685224904695967
300.0,0.18787001236321693,0.2432686635614573,0.3356967375157305,0.2331645865595952
310.0,0.19025070059246324,0.24092721847482196,0.32338649878491743,0.24543558214779732
320.0,0.19149145088318723,0.2504648675660764,0.2686105887436133,0.289433092807123
330.0,0.1928883206186527,0.2567491924860812,0.23545786357076676,0.3149046233244991
340.0,0.19520104885791467,0.2516776530883218,0.2573508368639153,0.2957704611898479
350.0,0.1979676791420564,0.24211819810648538,0.30369316834472326,0.2562209544067346
360.0,0.2003908880335747,0.23990684429037137,0.32044358703787257,0.2392586806381808
370.0,0.20245641294877625,0.24745873764064533,0.2917381102149864,0.25834673919559137
380.0,0.20485680445030544,0.2557608952377719,0.2527169832168893,0.2866653170950328
390.0,0.20790349752129447,0.25567986620007793,0.2452403863300823,0.29117624994854485
400.0,0.21085900443340505,0.2484389544173628,0.27162177953259486,0.2690802616166366
410.0,0.21257090233878656,0.2434903706896085,0.2971279942875821,0.24681073268402226
420.0,0.21270953356189742,0.24728337529205371,0.2925860443007601,0.24742104684528832
430.0,0.21220051497463724,0.2562503650787464,0.2656075334094831,0.26594158653713273
440.0,0.2123702401822796,0.26138079282360216,0.24764589606787915,0.2786030709262387
450.0,0.21374680455170883,0.25827141596731823,0.25648085216213323,0.27150092731883946
460.0,0.21576512642951276,0.2511895369423136,0.27830268200986025,0.2547426546183131
470.0,0.21756306319357277,0.24745902539016085,0.2867085231773821,0.24826938823888395
480.0,0.2188972089408081,0.24939961438032482,0.2732754788104803,0.2584276978683863
490.0,0.22021013387031843,0.25281511930099565,0.2546816322491784,0.2722931145795071
500.0,0.22191596937918392,0.25277465163540586,0.2513321002342294,0.2739772787511803
510.0,0.22380670220625967,0.2493721133512271,0.26441610263595816,0.2624050818065544
520.0,0.22523909478322118,0.2470844278710786,0.2768621063244264,0.2508143710212731
530.0,0.22583018196934376,0.2491834182854231,0.27432585646920243,0.25066054327603
540.0,0.2258576131075416,0.2539717256559803,0.26071964256887775,0.2594510186675997
550.0,0.22595903218806335,0.2568596102507371,0.2517864097615219,0.26539494779967676
560.0,0.22651414022154098,0.2554337962969367,0.2563504202012271,0.26170164328029416
570.0,0.22737863123719465,0.25170163101768006,0.2673527219313295,0.2535670158137948
580.0,0.2281790970620337,0.24942473870496923,0.2714412623656876,0.2509549018673085
590.0,0.22876282827371633,0.25001888923468063,0.2644178781850139,0.2568004043065883
600.0,0.22930444719089568,0.2515967722866608,0.2548402517259587,0.264258528796484
610.0,0.23002451977754015,0.2517131927679748,0.253153246405607,0.26510904104887717
620.0,0.23090413700454931,0.2502636761242547,0.25996584351110474,0.25886634336009023
630.0,0.2317215599310224,0.24929856355159155,0.26647851688490876,0.25250135963247616
640.0,0.23232656771213256,0.2503534398995484,0.26520989803610306,0.25211009435221476
650.0,0.2328083794619993,0.25260007229331094,0.25805521558773525,0.2565363326569533
660.0,0.23337360447034583,0.2538381857289407,0.2531296505894151,0.2596585592112971
670.0,0.23409981855796413,0.25296266063386325,0.2551557725155764,0.25778174829259487
680.0,0.23485454553148252,0.2510397143145135,0.26069332220777464,0.25341241794622804
690.0,0.23545492807850232,0.24995628254816046,0.2628800575069828,0.25170873186635323
700.0,0.23586738506136817,0.2503753835232793,0.2593669173153357,0.2543903141000157
710.0,0.23622359565373785,0.2512836440533724,0.2543634576005122,0.2581293026923765
720.0,0.23665702087959412,0.25140321327692394,0.2532407450308586,0.25869902081262236
730.0,0.23716199123553908,0.2506710414253356,0.25649290514413864,0.25567406219498584
740.0,0.2376287105582742,0.2501433395279852,0.25976365503130555,0.25246429488243416
750.0,0.23799355930706456,0.2506275932795874,0.25919536399651066,0.2521834834168365
760.0,0.23832085499472128,0.251724873637695,0.25560051539970846,0.25435375596787446
770.0,0.23872745101845388,0.2523229828751203,0.2530147490063275,0.25593481710009763
780.0,0.2392467732349661,0.25185620640588735,0.2538852975905484,0.25501172276859724
790.0,0.23978913817216596,0.2508667849743121,0.25657784873413053,0.2527662281193905
800.0,0.24023599982195548,0.2503229370158205,0.2576651493774038,0.2517759137848193
810.0,0.2405563351190505,0.2505666104218978,0.25591373308045734,0.2529633213785936
820.0,0.24082059656974228,0.25106732806329685,0.2533825184637933,0.2547295569031668
830.0,0.2411109316938995,0.2511419251682161,0.25276493191116034,0.2549822112267232
840.0,0.24143666073634124,0.25073051231839777,0.254342184382334,0.25349064256292597
850.0,0.241743406328649,0.2503734151701465,0.25594891128782754,0.2519342672133759
860.0,0.24199106862291425,0.2505179461574822,0.2556388524748076,0.2518521327447951
870.0,0.24220442393899425,0.2510066722511309,0.25380193552320457,0.25298696828666956
880.0,0.2424429594947578,0.2512975011461129,0.2524655579219302,0.2537939814371985
890.0,0.24273256937579385,0.25109308381421713,0.2528753992391596,0.2532989475708287
900.0,0.24303921733984918,0.2506404511584208,0.25421727841164776,0.2521030530900815
910.0,0.24330958477641246,0.250407065406811,0.25475366864119203,0.2515296811755839
920.0,0.24352756030964062,0.2505570164002452,0.2538437203959776,0.2520717028941359
930.0,0.24372415550678855,0.2508207353625786,0.25252140647950483,0.2529337026511273
940.0,0.24393655938545672,0.2508509798633729,0.2521628505511247,0.25304961020004507
950.0,0.24416755484692004,0.25061516534897915,0.2529307374507153,0.2522865423533847
960.0,0.2443890934991698,0.2503898019518567,0.2537333769081349,0.2514877276408378
970.0,0.24457954249349795,0.2504130599270409,0.2535685491750041,0.25143884840445646
980.0,0.2447484586608615,0.25062107069796175,0.25261425647777697,0.25201621416339914
990.0,0.2449226045834186,0.250750377927557,0.2518966030183788,0.2524304144706452
1000.0,0.2451134908895056,0.25065128621539035,0.2520648966757586,0.252170326219345
1010.0,0.2453051883011833,0.2504414793673708,0.25272357390964395,0.2515297584218016
1020.0,0.2454742872181214,0.2503477203359039,0.25298972440231704,0.2511882680436572
1030.0,0.24561668643453766,0.25044478150314836,0.25252025949765716,0.2514182725646565
1040.0,0.2457508186715711,0.25059039300778324,0.2518251902563268,0.25183359806431843
1050.0,0.24589607675650707,0.2506054455614119,0.2516065408229632,0.2518919368591174
1060.0,0.24605260183376043,0.2504736019634779,0.2519637324728059,0.2515100637299553
1070.0,0.2462042019837439,0.250339346952969,0.25235452186694257,0.251101929196344
1080.0,0.2463383763924702,0.2503305300084246,0.25226593917381795,0.25106515442528665
1090.0,0.24645944300838155,0.2504209633087388,0.2517745371279474,0.25134505655493183
1100.0,0.24658124102118562,0.25047908129831925,0.2513930464280133,0.25154663125248133
1110.0,0.24671000278291885,0.25042681974070896,0.2514556061974265,0.2514075712789452
1120.0,0.24683763887577356,0.2503204879030396,0.2517714687084857,0.2510704045127006
1130.0,0.24695188239318847,0.2502733260133679,0.25189640270981123,0.2508783888836319
1140.0,0.2470503563044786,0.25032326664102567,0.25165095226445594,0.25097542479003937
1150.0,0.2471426396227869,0.2503980473231011,0.25128670514650714,0.2511726079076044
1160.0,0.24723926754508785,0.2504053726577126,0.2511589286495914,0.2511964311476077
1170.0,0.2473409842315328,0.2503351712016973,0.2513234181522045,0.2510004264145649
1180.0,0.24743976534792178,0.25026063677688,0.2515099200002234,0.2507896778749744
1190.0,0.2475289832423235,0.2502488075809597,0.25145741902305946,0.25076479015365694
1200.0,0.2476105100968935,0.2502891878200215,0.2512002185930604,0.25090008349002413
1210.0,0.24769145765477774,0.2503161401524713,0.2509957969583964,0.2509966052343541
1220.0,0.24777551766666892,0.25028884062924095,0.2510155012801654,0.25092014042392424
1230.0,0.24785916917221243,0.2502337687436645,0.25116593785404834,0.25074112423007416
1240.0,0.2479363907527544,0.2502073420758687,0.2512223373831522,0.2506339297882241
1250.0,0.24800568173835708,0.25022936061731665,0.2510909294869108,0.2506740281574149
1260.0,0.2480713579466498,0.2502642662577564,0.25089676284901447,0.2507676129465787
1270.0,0.2481383224050708,0.25026565489308533,0.2508207083727288,0.2507753143291145
1280.0,0.24820678868141702,0.25022800158856034,0.2508940803510922,0.25067112937893
1290.0,0.24827273971524172,0.2501879857970662,0.2509816339166311,0.25055764057106045
1300.0,0.24833293552781432,0.2501797617797837,0.2509496720930708,0.2505376305993306
1310.0,0.24838843804434288,0.25019851102895974,0.25081283927592213,0.25060021165077456
1320.0,0.24844297550432157,0.25021109860724833,0.2507006809050804,0.2506452449833491
1330.0,0.24849858225422894,0.25019635635826065,0.2507017527097852,0.2506033086777247
1340.0,0.2485536526107318,0.2501670890617295,0.2507709613407528,0.25050829698678523
1350.0,0.248605268444922,0.250151742792225,0.2507946418261279,0.25044834693672446
1360.0,0.24865271659431729,0.2501607452097822,0.2507234322199666,0.2504631059759333
1370.0,0.24869815021672387,0.25017653775379506,0.25061896605709594,0.2505063459723847
1380.0,0.24874396850594296,0.2501757006599795,0.2505731240223264,0.25050720681175076
1390.0,0.24879017093322867,0.25015521709557764,0.25060350155586103,0.2504511104153323
1400.0,0.24883461600615092,0.2501335205236512,0.2506427763095753,0.2503890871606222
1410.0,0.24887559373766446,0.2501280289906642,0.250622668285874,0.25037370898579686
1420.0,0.24891364470648125,0.25013647982836423,0.2505491102693866,0.2504007651957675
1430.0,0.2489507317457489,0.25014201882249404,0.2504870043450828,0.2504202450866739
1440.0,0.24898798562580465,0.25013359422994036,0.2504819021433334,0.2503965180009211
1450.0,0.24902465874937915,0.2501174230632603,0.25051211269359047,0.25034580549376967
1460.0,0.24905927916444956,0.25010799549863105,0.25052035708991466,0.2503123682470042
1470.0,0.24909146184087114,0.25011096248538917,0.25048087462768764,0.2503167010460516
1480.0,0.2491222950336184,0.2501177445768436,0.2504240462127601,0.2503359141767774
1490.0,0.24915303494278698,0.2501164821781649,0.25039641520155254,0.2503340676774951
1500.0,0.2491837401039056,0.25010540994506075,0.25040760900788234,0.25030324094315076
1510.0,0.24921336007586758,0.25009366256046145,0.25042405609278423,0.25026892127088624
1520.0,0.24924102281973995,0.25009006090997593,0.25041094079917137,0.2502579754711122
1530.0,0.24926697880108434,0.2500935664484775,0.2503706234509268,0.2502688312995107
1540.0,0.2492922142362264,0.25009566339022427,0.2503356844280027,0.25027643794554616
1550.0,0.24931731776824323,0.2500906329371427,0.2503295370648604,0.25026251222975326
1560.0,0.24934193014214626,0.25008149983911976,0.2503417123274891,0.2502348576912445
1570.0,0.24936530541303234,0.25007563530522103,0.2503432898536542,0.2502157694280919
1580.0,0.24938722790694737,0.25007608414352134,0.2503208284803075,0.2502158594692232
1590.0,0.24940822951916017,0.25007867387589655,0.25028932712954366,0.25022376947539904
1600.0,0.24942894924256928,0.2500774209802759,0.25027240677543616,0.2502212230017182
1610.0,0.2494494422377319,0.2500713205242642,0.2502753251271463,0.2502039121108573
1620.0,0.24946920847691,0.2500648832667734,0.2502813298293282,0.2501845784269881
1630.0,0.24948782921070484,0.25006254848381665,0.25027263576838343,0.25017698653709486
1640.0,0.24950544242958128,0.2500638223778282,0.25025008724635367,0.25018064794623657
1650.0,0.24952255348092556,0.2500643991488466,0.25023003958921675,0.2501830077810109
1660.0,0.2495394655989835,0.2500613343299559,0.25022454877168454,0.2501746512993759
1670.0,0.2495559991499434,0.2500561127034274,0.25022860087150867,0.2501592872751203
1680.0,0.24957177273183995,0.25005248820974213,0.25022760236510555,0.25014813669331204
1690.0,0.2495866699715436,0.25005208552418035,0.25021453112213565,0.25014671338214006
1700.0,0.24960095645134486,0.25005286290707757,0.250196762064027,0.25014941857755024
1710.0,0.24961495962913718,0.2500517911783701,0.2501862678780645,0.2501469813144279
1720.0,0.2496287163564661,0.25004830713268617,0.2501859096892753,0.2501370668215721
1730.0,0.24964198143768315,0.25004464907592533,0.2501873474629579,0.25012602202343337
1740.0,0.24965454730873116,0.2500430663426411,0.2501815100847308,0.2501208762638966
1750.0,0.24966648752861847,0.2500433357822664,0.2501686456784138,0.25012153101070106
1760.0,0.2496780645106129,0.2500432828743606,0.25015695031680923,0.2501217022982171
1770.0,0.24968944060938503,0.25004138797567005,0.2501526174129971,0.2501165540019477
1780.0,0.2497005315867407,0.2500383725022268,0.25015325180603926,0.25010784410499304
1790.0,0.24971114591094173,0.2500361420763329,0.25015149791627844,0.2501012140964467
1800.0,0.24972122313788753,0.25003555686346307,0.25014369974366396,0.25009952025498516
1810.0,0.24973089818818253,0.25003561525863544,0.25013348207957253,0.25010000447360925
1820.0,0.24974034203494042,0.2500347801432006,0.25012690748253635,0.25009797033932235
1830.0,0.24974958094820734,0.25003273623352157,0.250125517836569,0.25009216498170184
1840.0,0.2497584961820975,0.25003059412963363,0.25012515930818824,0.25008575038008035
1850.0,0.2497669836781417,0.2500294980158082,0.25012120800213716,0.25008231030391254
1860.0,0.24977507947043745,0.25002935581885705,0.2501137030393081,0.25008186167139707
1870.0,0.24978291662935362,0.2500290761884128,0.25010675324413206,0.2500812539381011
1880.0,0.24979058034608542,0.2500278781490717,0.25010353820316905,0.2500780033016734
1890.0,0.24979803198323214,0.2500261097695424,0.2501029147344944,0.2500729435127306
1900.0,0.24980517727709603,0.2500247334108349,0.2501011731044822,0.2500689162075865
1910.0,0.2498119868168425,0.2500241984876755,0.2500964108029588,0.25006740389252285
1920.0,0.24981853039063723,0.2500240111698862,0.25009040876248534,0.2500670496769909
1930.0,0.24982489779350167,0.2500233909557278,0.2500862383137667,0.2500654729370036
1940.0,0.24983110671564876,0.2500221638532687,0.25008472834298195,0.25006200108810034
1950.0,0.24983710065957565,0.25002088174983667,0.25008381067537433,0.25005820691521297
1960.0,0.24984282862648519,0.2500201274700944,0.2500811274549031,0.25005591644851694
1970.0,0.2498483092485641,0.2500198657356524,0.25007665320739764,0.25005517180838543
1980.0,0.24985361046616278,0.25001954975711166,0.2500724464313021,0.250054393345423
1990.0,0.24985877684853205,0.2500187790455157,0.2500701391514803,0.2500523049544714
2000.0,0.24986379058424585,0.25001772132846795,0.2500691885970248,0.2500492994902609
2010.0,0.2498686052140402,0.2500168619804169,0.2500677245570182,0.2500468082485242
2020.0,0.24987320666325774,0.2500164344395993,0.25006475737739187,0.25004560151975064
2030.0,0.249877631412719,0.25001619432837124,0.2500611599824776,0.2500450142764317
2040.0,0.2498819269120663,0.25001574482622757,0.25005848719316626,0.2500438410685394
2050.0,0.24988610452087223,0.25001499076748546,0.25005718300577606,0.25004172170586564
2060.0,0.24989013756308617,0.2500142069735395,0.250056218866523,0.25003943659685074
2070.0,0.24989400127973252,0.25001369104398874,0.25005439341548935,0.2500379142607889
2080.0,0.24989770576679438,0.2500134313188747,0.2500516707748609,0.2500371921394695
2090.0,0.24990128641521497,0.25001315388287465,0.25004908115004815,0.2500364785518616
2100.0,0.24990476729169217,0.2500126530123232,0.25004746098034586,0.2500351187156382
2110.0,0.24990814090465024,0.25001200876120994,0.2500465533416511,0.2500332969924882
2120.0,0.24991138476292254,0.25001146548165865,0.2500454157549353,0.250031734000483
2130.0,0.24991449232036653,0.2500111441616961,0.2500435342995716,0.2500308292183652
2140.0,0.24991748268277958,0.25001092399913105,0.25004133639300663,0.25003025692508213
2150.0,0.24992038093329205,0.2500106034188249,0.25003960862395397,0.25002940702392845
2160.0,0.24992319414043693,0.2500101307630971,0.2500385876156279,0.2500280874808375
2170.0,0.24992590990030822,0.25000964288445593,0.2500377618618746,0.25002668535336064
2180.0,0.24992851633347588,0.25000929177891873,0.2500365194315814,0.25002567245602336
2190.0,0.24993101900248285,0.2500090747823181,0.25003483067912086,0.2500250755360776
2200.0,0.249933436481898,0.25000885479804685,0.2500332110093412,0.2500244977107133
2210.0,0.24993578194987787,0.2500085261650711,0.250032088779076,0.25002360310597443
2220.0,0.24993805269448335,0.25000812678950807,0.25003134271964783,0.2500224777963601
2230.0,0.24994023818137856,0.2500077794305321,0.2500304978266032,0.25002148456148554
2240.0,0.24994233567337357,0.2500075465753416,0.250029287400756,0.25002083035052836
2250.0,0.24994435536375179,0.2500073685169822,0.25002792042040084,0.2500203556988646
2260.0,0.24994631061521327,0.25000714295352977,0.2500267947078853,0.2500197517233712
2270.0,0.24994820577262797,0.2500068420745542,0.2500260359401677,0.2500189162126496
2280.0,0.24995003522629014,0.25000653401877504,0.2500253898219065,0.2500180409330278
2290.0,0.24995179342651544,0.25000629634345106,0.2500245446566972,0.25001736557333576
2300.0,0.24995348355585958,0.2500061292501591,0.2500234795538356,0.2500169076401452
2310.0,0.24995511547254742,0.25000596408770065,0.2500224521656843,0.25001646827406704
2320.0,0.249956696452417,0.25000574661400005,0.2500216816458093,0.250015875287773
2330.0,0.2499582257649776,0.2500054947036724,0.2500211110467965,0.25001516848455296
2340.0,0.24995969861144088,0.25000527003322365,0.2500205010180054,0.25001453033732945
2350.0,0.249961114017027,0.2500051048550554,0.2500197132750944,0.2500140678528226
2360.0,0.24996247753369671,0.25000496968143554,0.25001884976178385,0.2500137030230832
2370.0,0.24996379639092253,0.2500048125968132,0.25001811152986697,0.2500132794823967
2380.0,0.2499650732956083,0.2500046186870261,0.2500175650297478,0.25001274298761716
2390.0,0.2499663058600575,0.2500044218319845,0.25001708388832705,0.2500121884196303
2400.0,0.24996749161821286,0.2500042615484029,0.25001650939501957,0.2500117374383641
2410.0,0.24996863247379408,0.2500041386600006,0.250015828032546,0.2500114008336587
2420.0,0.24996973374998074,0.25000401876246925,0.2500151684657224,0.250011079021827
2430.0,0.24997079953066492,0.2500038740021021,0.2500146426614174,0.25001068380581504
2440.0,0.2499718298536197,0.2500037127649481,0.2500142239377096,0.25001023344372203
2450.0,0.249972822631422,0.2500035660329036,0.25001379173057475,0.25000981960509905
2460.0,0.24997377763877424,0.2500034504735184,0.2500132743752796,0.2500094975124272
2470.0,0.24997469794547073,0.25000335154093734,0.25001272158481186,0.2500092289287795
2480.0,0.24997558750862764,0.25000324292243864,0.2500122348430893,0.25000893472584385
2490.0,0.2499764480256452,0.25000311664586505,0.2500118491234233,0.2500085862050659
2500.0,0.24997727859112356,0.25000298953151967,0.2500115015653948,0.2500082303119614
2510.0,0.2499780782073061,0.250002881655057,0.25001111141654164,0.2500079287210946
2520.0,0.24997884805711124,0.25000279376015244,0.25001067035600477,0.25000768782673094
2530.0,0.24997959106909748,0.2500027085880925,0.2500102425988067,0.25000745774400274
2540.0,0.24998030957464745,0.2500026118400916,0.2500098852686229,0.2500071933166375
2550.0,0.2499810038578621,0.25000250743661323,0.2500095858501237,0.25000690285540045
2560.0,0.2499816730927066,0.2500024109358156,0.2500092835959337,0.25000663237554355
2570.0,0.2499823173566608,0.25000233092613117,0.2500089414499315,0.250006410267276
2580.0,0.24998293838373503,0.2500022602394402,0.25000858360356537,0.2500062177732589
2590.0,0.24998353837179835,0.2500021855513488,0.25000826122469333,0.25000601485215906
2600.0,0.2499841183889967,0.2500021026153293,0.25000799264802626,0.2500057863476473
2610.0,0.24998467817321673,0.25000201978330333,0.2500077465361589,0.25000555550732045
2620.0,0.24998521739198581,0.2500019472279683,0.25000748182470417,0.2500053535553412
2630.0,0.2499857367999435,0.25000188546518787,0.2500071935762661,0.25000518415860207
2640.0,0.24998623804015796,0.2500018258227644,0.25000691383148116,0.250005022305596
2650.0,0.24998672246495887,0.25000176096710647,0.25000667167021096,0.2500048448977232
2660.0,0.24998719038919628,0.250001692726635,0.25000646120266623,0.25000465568150193
2670.0,0.2499876415484059,0.2500016289176728,0.25000625178237246,0.25000447775154844
2680.0,0.24998807611752696,0.25000157394487227,0.2500060243098773,0.250004325627723
2690.0,0.24998849510229773,0.25000152427009403,0.25000579054205335,0.25000419008555447
2700.0,0.24998889974883917,0.2500014731432972,0.2500055762528915,0.25000405085497174
2710.0,0.24998929073596043,0.25000141831384654,0.25000539098092806,0.2500038999692646
2720.0,0.2499896680610828,0.25000136392934574,0.2500052190598679,0.2500037489497031
2730.0,0.24999003167373918,0.250001315133596,0.25000503961211745,0.25000361358054696
2740.0,0.24999038206393565,0.2500012722456122,0.2500048497877173,0.25000349590273435
2750.0,0.2499907201733095,0.2500012308895199,0.25000466561375917,0.25000338332341093
2760.0,0.24999104679815282,0.25000118731472454,0.25000450183112394,0.2500032640559982
2770.0,0.24999136220833518,0.25000114237935656,0.25000435561333767,0.2500031397989701
2780.0,0.24999166637255885,0.2500011000059429,0.2500042114940402,0.2500030221274576
2790.0,0.24999195947270378,0.25000106244472703,0.25000405964337064,0.25000291843919803
2800.0,0.24999224210757648,0.25000102793306317,0.2500039058135485,0.2500028241458114
2810.0,0.2499925149983488,0.25000099304935003,0.25000376297444643,0.2500027289778543
2820.0,0.24999277857902039,0.2500009566190403,0.25000363599760483,0.25000262880433394
2830.0,0.24999303293614542,0.2500009206971789,0.2500035170387823,0.25000252932789285
2840.0,0.2499932781248723,0.2500008878807258,0.25000339547267486,0.2500024385217265
2850.0,0.24999351446918258,0.2500008583432295,0.25000326972561376,0.2500023574619736
2860.0,0.24999374252007867,0.25000082987380484,0.25000314780813365,0.25000227979798223
2870.0,0.2499939627550662,0.2500008005515598,0.2500030371898786,0.25000219950349484
2880.0,0.24999417538267846,0.2500007707859598,0.25000293646751376,0.2500021173638474
2890.0,0.24999438045485994,0.25000074255235316,0.25000283778935173,0.2500020392034346
2900.0,0.2499945781275187,0.2500007169954478,0.25000273609699086,0.2500019687800421
2910.0,0.24999476876679547,0.25000069321728907,0.25000263426182345,0.2500019037540915
2920.0,0.2499949527990466,0.25000066947526695,0.2500025388304672,0.25000183889521876
2930.0,0.24999513050289093,0.25000064516746084,0.2500024522371792,0.25000177209246843
2940.0,0.24999530197946987,0.25000062132336304,0.25000237049248414,0.2500017062046823
2950.0,0.2499954673118572,0.2500005992480556,0.2500022881966561,0.25000164524343044
2960.0,0.24999562671601766,0.25000057903265865,0.25000220448255317,0.25000158976876985
2970.0,0.24999578052378457,0.25000055953487743,0.2500021234398613,0.25000153650147616
2980.0,0.24999592902567364,0.2500005397784445,0.2500020488171157,0.25000148237876557
2990.0,0.24999607237370908,0.250000519973728,0.2500019798443065,0.2500014278082558
3000.0,0.24999621064004848,0.25000050111368227,0.2500019125291514,0.2500013757171172
3010.0,0.2499963439473234,0.250000483777445,0.25000184426673483,0.2500013280084962
3020.0,0.2499964725245709,0.25000046749571403,0.25000177652427935,0.2500012834554351
3030.0,0.24999659663000182,0.25000045136793686,0.2500017126488814,0.25000123935317936
3040.0,0.2499967164432494,0.2500004350938625,0.2500016538164877,0.2500011946463998
3050.0,0.24999683205264966,0.25000041920015675,0.2500015979474145,0.2500011507997785
3060.0,0.2499969435359953,0.25000040435640597,0.2500015422306474,0.25000110987695073
3070.0,0.24999705104123582,0.2500003905777968,0.2500014863077136,0.2500010720732531
3080.0,0.24999715477084733,0.25000037727908064,0.2500014322438248,0.2500010357062466
3090.0,0.24999725490549954,0.25000036395727154,0.25000138193796456,0.2500009991992637
3100.0,0.2499973515526655,0.25000035072684346,0.2500013349407235,0.25000096277976686
3110.0,0.24999744477794503,0.25000033810577144,0.25000128913619674,0.25000092798008616
3120.0,0.24999753467474994,0.2500003263700907,0.25000124324057393,0.2500008957145849
3130.0,0.24999762138884007,0.25000031526948996,0.25000119801562676,0.25000086532604265
3140.0,0.24999770507989738,0.2500003043315232,0.25000115519517785,0.250000835393401
3150.0,0.24999778586427845,0.25000029341212526,0.2500011153189617,0.250000805404634
3160.0,0.24999786381132177,0.2500002827858884,0.25000107727676574,0.2500007761260235
3170.0,0.24999793898449382,0.25000027279850107,0.2500010395896969,0.25000074862730765
3180.0,0.24999801148442177,0.250000263439594,0.2500010021200236,0.2500007229559601
3190.0,0.24999808143807717,0.25000025439793216,0.2500009659474592,0.2500006982165309
3200.0,0.24999814895974035,0.2500002454085187,0.25000093205706103,0.25000067357467937
3210.0,0.2499982141231791,0.2500002365474551,0.2500009001284943,0.25000064920087084
3220.0,0.24999827698169674,0.25000022808013306,0.25000086905896973,0.2500006258791998
3230.0,0.24999833760213172,0.25000022015328205,0.2500008381424312,0.25000060410215436
3240.0,0.24999839607990557,0.250000212616586,0.25000080783681683,0.25000058346669096
3250.0,0.24999845251680733,0.2500002052064621,0.250000779097746,0.25000056317898395
3260.0,0.24999850698825568,0.2500001978591333,0.25000075215018097,0.25000054300242935
3270.0,0.24999855954445888,0.2500001907326019,0.25000072634131437,0.2500005233816242
3280.0,0.24999861023320075,0.2500001840136393,0.25000070085353154,0.2500005048996277
3290.0,0.2499986591230695,0.2500001776829205,0.25000067565252126,0.25000048754148807
3300.0,0.24999870629710683,0.250000171551635,0.25000065139040045,0.250000470760857
3310.0,0.24999875182826914,0.2500001654813702,0.25000062857117555,0.2500004541191843
3320.0,0.249998795767063,0.2500001595179731,0.25000060699670806,0.2500004377182551
3330.0,0.24999883815072593,0.25000015383238494,0.2500005859465063,0.25000042207038214
3340.0,0.24999887902709728,0.25000014849471647,0.25000056506193574,0.25000040741624974
3350.0,0.24999891846174788,0.25000014338980114,0.25000054470984867,0.2500003934386016
3360.0,0.2499989565189836,0.25000013838080537,0.250000525374813,0.2500003797253973
3370.0,0.2499989932499802,0.25000013342060146,0.25000050722674605,0.2500003661026716
3380.0,0.24999902868811422,0.2500001286228062,0.2500004897930124,0.2500003528960665
3390.0,0.24999906286650106,0.250000124106334,0.25000047254711844,0.2500003404800459
3400.0,0.24999909583306246,0.25000011984184894,0.25000045553067185,0.250000328794416
3410.0,0.24999912764426954,0.2500001156958023,0.2500004392111507,0.2500003174487767
3420.0,0.24999915834788616,0.2500001115879845,0.2500004238779512,0.25000030618617747
3430.0,0.24999918797632809,0.25000010756401136,0.2500004093416021,0.25000029511805777
3440.0,0.24999921655507623,0.25000010373710535,0.2500003951214017,0.2500002845864161
3450.0,0.2499992441170759,0.2500001001505882,0.250000380986082,0.2500002747462532
3460.0,0.24999927070773548,0.2500000967145672,0.2500003672325466,0.2500002653451501
3470.0,0.2499992963719222,0.2500000933200119,0.2500003542578175,0.2500002560502477
3480.0,0.24999932114126194,0.2500000899626507,0.25000034206847965,0.25000024682760696
3490.0,0.24999934503721868,0.2500000867286009,0.2500003303093611,0.25000023792481857
3500.0,0.24999936808277332,0.25000008369286847,0.2500003186438338,0.25000022958052365
3510.0,0.24999939031107604,0.2500000808309465,0.25000030711238663,0.25000022174559017
3520.0,0.24999941176185003,0.2500000780355195,0.25000029610098445,0.25000021410164536
3530.0,0.24999943246758238,0.250000075246574,0.25000028583420214,0.2500002064516408
3540.0,0.24999945244746863,0.2500000725209124,0.25000027608088554,0.2500001989507328
3550.0,0.24999947171735004,0.25000006994819834,0.25000026646362805,0.25000019187082295
3560.0,0.24999949030084245,0.25000006754563464,0.2500002568710512,0.25000018528247114
3570.0,0.24999950823052372,0.2500000652362149,0.2500002475633205,0.25000017896994026
3580.0,0.2499995255371053,0.2500000629401817,0.2500002388361599,0.2500001726865525
3590.0,0.24999954224135548,0.2500000606561479,0.2500002306953602,0.25000016640713585
3600.0,0.2499995583551922,0.2500000584673628,0.2500002228011097,0.2500001603763347
3610.0,0.24999957389312008,0.2500000564370865,0.25000021487056084,0.25000015479923193
3620.0,0.24999958888005358,0.25000005452474355,0.2500002070246704,0.25000014957053174
3630.0,0.24999960334498644,0.2500000526365984,0.2500001996081466,0.25000014441026785
3640.0,0.24999961730903222,0.25000005073887105,0.25000019274782836,0.25000013920426767
3650.0,0.24999963078282603,0.250000048888393,0.25000018622174797,0.2500001341070323
3660.0,0.2499996437762384,0.2500000471543274,0.25000017973943667,0.2500001293299968
3670.0,0.24999965630500792,0.2500000455550056,0.2500001731900203,0.2500001249499655
3680.0,0.249999668393678,0.25000004401384035,0.2500001668458434,0.2500001207466376
3690.0,0.24999968006525272,0.250000042451963,0.2500001610108023,0.25000011647198134
3700.0,0.2499996913316069,0.25000004088760586,0.2500001556157336,0.250000112165053
3710.0,0.24999970219732495,0.25000003940966986,0.2500001503032632,0.2500001080897414
3720.0,0.24999971267258325,0.25000003805798354,0.2500001448919538,0.2500001043774787
3730.0,0.2499997227768541,0.25000003678386956,0.25000013953914696,0.25000010090012875
3740.0,0.24999973253108437,0.2500000355098918,0.2500001345348204,0.2500000974242027
3750.0,0.24999974194904373,0.25000003421274375,0.250000129976018,0.25000009386219385
3760.0,0.24999975103609182,0.2500000329481038,0.25000012564479557,0.2500000903710081
3770.0,0.2499997597963552,0.25000003178959357,0.2500001212340332,0.2500000871800174
3780.0,0.24999976824240708,0.25000003073187993,0.25000011673646383,0.2500000842892485
3790.0,0.24999977639373702,0.25000002969548935,0.25000011244455056,0.25000008146622243
3800.0,0.24999978426566605,0.25000002862808984,0.25000010856168897,0.25000007854455447
3810.0,0.249999791864133,0.2500000275588797,0.25000010498027114,0.25000007559671555
3820.0,0.24999979919077103,0.25000002656166087,0.250000101405035,0.2500000728425325
3830.0,0.24999980625264065,0.25000002566499796,0.25000009770014725,0.25000007038221356
3840.0,0.2499998130647022,0.25000002481969424,0.25000009403388773,0.25000006808171515
3850.0,0.2499998196426161,0.2500000239573789,0.2500000906680341,0.2500000657319702
3860.0,0.24999982599521928,0.250000023064122,0.25000008766571014,0.25000006327494795
3870.0,0.2499998321236562,0.2500000222005566,0.2500000847902506,0.250000060885536
3880.0,0.24999983802949208,0.2500000214297204,0.25000008177863714,0.25000005876214976
3890.0,0.24999984372267836,0.2500000207356852,0.2500000786711098,0.250000056870526
3900.0,0.24999984921885327,0.2500000200414294,0.25000007575610245,0.2500000549836143
3910.0,0.24999985452851503,0.25000001930971183,0.2500000731791038,0.2500000529826688
3920.0,0.24999985965432872,0.2500000185682981,0.2500000708447454,0.25000005093262717
3930.0,0.24999986459505483,0.25000001788962734,0.2500000684643046,0.25000004905101264
3940.0,0.2499998693545202,0.25000001730590193,0.2500000658877981,0.2500000474517791
3950.0,0.24999987394564543,0.2500000167592539,0.25000006332119457,0.2500000459739055
3960.0,0.24999987838202495,0.2500000161726929,0.250000061065876,0.2500000443794055
3970.0,0.24999988266853482,0.2500000155438153,0.25000005914328555,0.2500000426443637
3980.0,0.24999988680223495,0.25000001494766744,0.2500000572621573,0.2500000409879397
3990.0,0.24999989078286625,0.25000001444135195,0.25000005518397556,0.25000003959180567
4000.0,0.24999989461939623,0.2500000139961112,0.2500000529999355,0.25000003838455637
4010.0,0.24999989832495315,0.25000001353587215,0.25000005099827965,0.2500000371408944
4020.0,0.24999990190739624,0.25000001302513103,0.2500000493234633,0.2500000357440088
4030.0,0.24999990536611216,0.2500000125020852,0.2500000478414069,0.25000003429039513
4040.0,0.24999990869745914,0.2500000120432345,0.2500000462472401,0.2500000330120657
4050.0,0.2499999119042692,0.2500000116723937,0.2500000444230857,0.2500000320002508
4060.0,0.2499999149981494,0.25000001132408706,0.25000004260944614,0.2500000310683168
4070.0,0.24999991799085877,0.2500000109193863,0.25000004111985885,0.25000002996989557
4080.0,0.2499999208841043,0.2500000104692508,0.2500000399241421,0.2500000287225023
4090.0,0.24999992367221902,0.2500000100584189,0.25000003869387316,0.2500000275754884
4100.0,0.24999992635451748,0.25000000973172337,0.2500000372406355,0.2500000266731231
4110.0,0.2499999289393113,0.25000000945262846,0.25000003568477375,0.250000025923286
4120.0,0.24999993143760982,0.2500000091493051,0.25000003430113255,0.250000025111952
4130.0,0.2499999338557011,0.25000000878359674,0.25000003325194764,0.25000002410875405
4140.0,0.24999993619001806,0.25000000840957176,0.25000003233905704,0.2500000230613526
4150.0,0.24999993843551935,0.2500000081056001,0.25000003124778336,0.2500000222110967
4160.0,0.24999994059531006,0.2500000078792928,0.2500000299261988,0.25000002159919793
4170.0,0.24999994268045891,0.25000000765644426,0.2500000286527612,0.25000002101033514
4180.0,0.24999994470002143,0.2500000073711435,0.25000002769235313,0.2500000202364815
4190.0,0.2499999466531795,0.2500000070467834,0.25000002696708656,0.2500000193329501
4200.0,0.24999994853371058,0.2500000067630102,0.25000002616794403,0.2500000185353347
4210.0,0.24999995034061187,0.25000000655688076,0.2500000251379403,0.25000001796456656
4220.0,0.24999995208116105,0.2500000063921764,0.25000002399540244,0.2500000175312596
4230.0,0.2499999537658379,0.2500000061904912,0.2500000230448062,0.2500000169988642
4240.0,0.2499999553988699,0.2500000059213934,0.2500000224231115,0.25000001625662477
4250.0,0.249999956974956,0.2500000056480773,0.250000021893465,0.2500000154835012
4260.0,0.24999995848796086,0.25000000545171064,0.25000002112834685,0.25000001493198115
4270.0,0.24999995994150365,0.250000005325093,0.25000002013694156,0.2500000145964614
4280.0,0.249999961346816,0.2500000051834018,0.2500000192413194,0.25000001422846224
4290.0,0.24999996271041672,0.250000004976966,0.2500000186430394,0.2500000136695774
4300.0,0.24999996402957542,0.2500000047379794,0.2500000182333961,0.25000001299904856
4310.0,0.2499999652980997,0.2500000045389228,0.2500000177308566,0.2500000124321204
4320.0,0.24999996651420553,0.2500000044199352,0.25000001696145907,0.25000001210439976
4330.0,0.2499999676857514,0.2500000043303983,0.2500000161040828,0.25000001187976706
4340.0,0.24999996882246606,0.250000004190174,0.250000015474575,0.25000001151278445
4350.0,0.2499999699261307,0.2500000039858533,0.2500000151432215,0.25000001094479407
4360.0,0.24999997099009996,0.25000000378841064,0.2500000148407827,0.25000001038070624
4370.0,0.24999997200890958,0.25000000366713915,0.2500000142856825,0.25000001003826827
4380.0,0.24999997298677593,0.2500000036028887,0.2500000135352059,0.25000000987512894
4390.0,0.24999997393381584,0.2500000035147311,0.25000001289864693,0.2500000096528056
4400.0,0.24999997485495937,0.25000000336279565,0.25000001253935705,0.25000000924288746
4410.0,0.2499999757469346,0.250000003177706,0.25000001235799657,0.2500000087173623
4420.0,0.2499999766024402,0.2500000030388375,0.2500000120437546,0.2500000083149671
4430.0,0.24999997742000157,0.2500000029807102,0.25000001144089234,0.2500000081583954
4440.0,0.24999997820782927,0.25000000294240343,0.25000001077327944,0.25000000807648737
4450.0,0.24999997897535903,0.2500000028403671,0.25000001037363,0.25000000781064335
4460.0,0.2499999797223951,0.25000000267666656,0.25000001024994206,0.2500000073509958
4470.0,0.2499999804406604,0.2500000025340413,0.2500000100863145,0.2500000069389833
4480.0,0.24999998112596217,0.25000000246526916,0.25000000966685026,0.25000000674191797
4490.0,0.249999981783172,0.25000000244244,0.250000009080799,0.2500000066935885
4500.0,0.24999998242118587,0.2500000023916675,0.25000000861162586,0.25000000657552035
4510.0,0.24999998304454696,0.2500000022700126,0.2500000084408358,0.2500000062446041
4520.0,0.24999998364816697,0.25000000212351065,0.250000008405815,0.250000005822507
4530.0,0.24999998422446157,0.2500000020326794,0.25000000818801604,0.2500000055548424
4540.0,0.24999998477331098,0.2500000020156519,0.25000000769656716,0.25000000551446944
4550.0,0.2499999853032153,0.2500000020041033,0.2500000071873953,0.25000000550528556
4560.0,0.24999998582205826,0.25000000192535726,0.25000000695240904,0.2500000053001749
4570.0,0.24999998632810425,0.25000000179354087,0.25000000695187763,0.2500000049264767
4580.0,0.24999998681310046,0.25000000168923564,0.25000000687682633,0.250000004620837
4590.0,0.24999998727367687,0.2500000016542128,0.2500000065555162,0.2500000045165936
4600.0,0.24999998771431908,0.2500000016631833,0.25000000606409906,0.25000000455839805
4610.0,0.2499999881442224,0.2500000016353087,0.25000000571640507,0.2500000045040633
4620.0,0.2499999885669877,0.25000000153167445,0.25000000568303943,0.2500000042182978
4630.0,0.2499999889762783,0.25000000140989187,0.2500000057522665,0.25000000386156285
4640.0,0.24999998936397294,0.25000000135485634,0.25000000558559204,0.2500000036955782
4650.0,0.24999998973123988,0.25000000136913514,0.25000000515538345,0.250000003744241
4660.0,0.24999999008760965,0.2500000013719283,0.250000004767629,0.2500000037728325
4670.0,0.2499999904390384,0.2500000013069933,0.2500000046496955,0.25000000360427227
4680.0,0.2499999907824963,0.2500000011972568,0.25000000473040135,0.250000003289845
4690.0,0.2499999911102347,0.25000000111720744,0.2500000047236152,0.25000000304894215
4700.0,0.24999999141864715,0.25000000111200843,0.25000000443877074,0.2500000030305731
4710.0,0.24999999171358747,0.25000000113988896,0.25000000401992123,0.2500000031266017
4720.0,0.24999999200389886,0.2500000011197605,0.25000000378556086,0.2500000030907792
