version https://git-lfs.github.com/spec/v1
oid sha256:a9540cc2ec44727f5245686950f23aca8ef3613bb30bb930f521bf888151d637
size 347
