time_fs,PYR2,PYR3,PYR4,PYR5
0.0,0.0,0.0,0.0,1.0
10.0,5.667690498771622e-07,0.003882957024385393,0.2222064207361298,0.7739100554704349
20.0,3.166492386744299e-05,0.051673789328588876,0.6269938473983799,0.32130069834916347
30.0,0.0002926815408435504,0.19447038714316314,0.7562223620224341,0.0490145692935588
40.0,0.0012393074351951265,0.40486960331995187,0.4812570397652549,0.11263404947959788
50.0,0.0033064219762146984,0.5692086433207882,0.1268097677043376,0.30067516699865915
60.0,0.006412165481234926,0.5828498205502071,0.08510723237555551,0.3256307815930022
70.0,0.009793962018341712,0.4471197536175828,0.37780755094968754,0.1652787334143876
80.0,0.012479145651903844,0.2644936997778526,0.6547892649163718,0.06823788965387141
90.0,0.014008760307865215,0.14081731809480816,0.6055964724413017,0.23957744915602452
100.0,0.014697021007526116,0.10066869761683804,0.30242869963838787,0.5822055817372476
110.0,0.01515327982366037,0.09855950413632013,0.09748148679965639,0.7888057292403626
120.0,0.015568933068093106,0.09798441083415456,0.21452176223828337,0.6719248938594686
130.0,0.015529459796018125,0.11993231574582608,0.5064916297500308,0.35804659470812467
140.0,0.014553203627542952,0.20715412550277731,0.6393710314381152,0.13892163943156421
150.0,0.01277794181734436,0.3524647380065281,0.4737317753677549,0.16102554480837233
160.0,0.011051486283852767,0.4804897559288544,0.2085852684719225,0.2998734893153701
170.0,0.01030271615371788,0.5092002979985321,0.14112831428011724,0.33936867156763273
180.0,0.01080630636942516,0.426006901910089,0.3312970036446002,0.23188978807588537
190.0,0.012040100136995475,0.2970440706158606,0.5493731999919926,0.14154262925515113
200.0,0.013215876845601255,0.20244982479030313,0.5486188528233885,0.23571544554070661
210.0,0.013919224919508697,0.1688700298124606,0.3411152353613613,0.476095509906669
220.0,0.014272614110099627,0.16698466969403017,0.16972568770136726,0.6490170284945024
230.0,0.014588135851106606,0.16569501558788535,0.2245191743846667,0.5951976741763407
240.0,0.014971855040898999,0.17435404326891876,0.43356977125246954,0.37710433043771213
250.0,0.015286350062520613,0.2252719214634583,0.5568290265161623,0.2026127019578583
260.0,0.01541574791504025,0.32166313479432973,0.46189528713978845,0.201025830150841
270.0,0.01546023661502465,0.41601664856166387,0.2650116390526431,0.30351147577066795
280.0,0.015633718761620046,0.44743264835102825,0.18816020720679852,0.34877342568055286
290.0,0.016018523724702003,0.3984496636631639,0.30698167816394617,0.27855013444818744
300.0,0.01648444162796735,0.3100942349363406,0.4756445376855571,0.1977767857501345
310.0,0.016855366020433957,0.24072092826454744,0.5019419640625825,0.24048174165243566
320.0,0.017104035647400553,0.21465432506028675,0.3637242673813769,0.4045173719109353
330.0,0.017338421445761882,0.21354912496098416,0.2237829748896552,0.5453294787035982
340.0,0.01761478117459666,0.2125879845273411,0.2381520840715513,0.5316451502265104
350.0,0.01783174348668546,0.21489417206240405,0.38269458405796497,0.38457950039294475
360.0,0.017860393312041044,0.24447557463790137,0.4897492504075978,0.24791478164245898
370.0,0.017767625621505342,0.3090137873304978,0.4422616526084885,0.2309569344395077
380.0,0.017852227040753708,0.37885224391441535,0.30079075834982577,0.30250477069500453
390.0,0.018407629600553692,0.4089350279763901,0.22613581411644412,0.3465215283066115
400.0,0.019436938187848564,0.38083674544467055,0.295217693532534,0.3045086228349463
410.0,0.020619446672367498,0.3194463220768648,0.42083613147047894,0.2390980997802883
420.0,0.021573550678039947,0.2674417894002488,0.4584090605776411,0.2525755993440697
430.0,0.02215489810068981,0.24646947469314154,0.37023747816264485,0.36113814904352326
440.0,0.02250200907682435,0.2456953241792707,0.26133827068038556,0.4704643960635189
450.0,0.02281532613450689,0.24535678326926785,0.2543386443520017,0.4774892462442232
460.0,0.023126869013612477,0.244383131669388,0.3517659772140444,0.38072402210295486
470.0,0.02330049098469776,0.25992737806488436,0.4396812929508975,0.2770908379995201
480.0,0.023235238157853264,0.30149098005257036,0.4207064367419888,0.2545673450475873
490.0,0.023028837153530227,0.35190913434148713,0.32126903159026077,0.30379299691472167
500.0,0.02291997815678764,0.3787949667663089,0.255295764523126,0.3429892905537772
510.0,0.023078631018135055,0.364741064574814,0.29280759990600447,0.3193727045010463
520.0,0.023469951741322402,0.323480217860249,0.3848225869056458,0.26822724349278254
530.0,0.023921098618817867,0.28527113378265545,0.4247904844029205,0.266017283195606
540.0,0.02429791559395137,0.2684777289093083,0.3704680690437992,0.3367562864529411
550.0,0.02459969569042601,0.26762884328141306,0.2872863073994378,0.4204851536287232
560.0,0.024896623947537385,0.2678359506454301,0.2694352210801441,0.4378322043268884
570.0,0.025214783402890073,0.26598728545823996,0.3333387858161428,0.3754591453227273
580.0,0.025512686014100904,0.27372020464362445,0.40355232526924717,0.29721478407302754
590.0,0.02576390042241506,0.30010880014704494,0.4015988555738434,0.27252844385669667
600.0,0.026027468271747064,0.33578193019431907,0.3332399723874436,0.30495062914649024
610.0,0.026406599148857197,0.35799838745029033,0.27731106998574717,0.33828394341510515
620.0,0.026935897120825184,0.3517999916739864,0.29410587170180164,0.3271582395033867
630.0,0.027528138771357367,0.32417949546610486,0.3596449162606901,0.28864744950184773
640.0,0.028047001398570023,0.2963199535477081,0.3973320794695944,0.27830096558412765
650.0,0.028429344868928792,0.2831788478285584,0.3662100516239441,0.3221817556785688
660.0,0.028725393385823837,0.28247348862613675,0.3044736116349274,0.3843275063531121
670.0,0.029019193685416902,0.2831188459081373,0.282432117198278,0.4054298432081679
680.0,0.029325511441514303,0.2811846511516383,0.3223912936219694,0.36709854378487805
690.0,0.029581207885486946,0.28438359938242985,0.37643469226012594,0.3096005004719573
700.0,0.029737686707471796,0.30076056306083687,0.38355005906570094,0.28595169116599034
710.0,0.029845001764156037,0.3258389748996459,0.3381200957559033,0.3061959275802948
720.0,0.03002764652114273,0.3438829403063567,0.29301556401742723,0.33307384915507343
730.0,0.030373192326435424,0.34243563020211665,0.29756921011666254,0.32962196735478544
740.0,0.030850838086833827,0.3242493685229463,0.34305959094021415,0.3018402024500059
750.0,0.03134340527225642,0.30389697459667203,0.3758423706619239,0.2889172494691478
760.0,0.0317549396310929,0.2933927762189297,0.3596458980732453,0.31520638607673224
770.0,0.032081639410954314,0.2925506793799909,0.3149536366725369,0.36041404453651804
780.0,0.03238254465771643,0.29338135539814203,0.2929810493268118,0.38125505061732995
790.0,0.03269691626835152,0.2917961127959919,0.3169006113276948,0.35860635960796206
800.0,0.03300436872357611,0.29255424469502433,0.35754516973060446,0.31689621685079533
810.0,0.03326470514627171,0.3022714404483399,0.36868595642974966,0.29577789797563914
820.0,0.033481474921193265,0.3194227899739347,0.33932537196225443,0.307770363142618
830.0,0.033711480844629715,0.3334739684024508,0.30392583254985267,0.32888871820306714
840.0,0.034009772435630505,0.33452600287405937,0.3015830693433478,0.3298811553469626
850.0,0.034374033964465374,0.32289638958316785,0.33239773668607936,0.3103318397662877
860.0,0.034750027001390814,0.308326601365567,0.35966895119107906,0.2972544204419634
870.0,0.03508864604971926,0.3001446524058662,0.3528445358730665,0.3119221656713484
880.0,0.03538932350633281,0.2992846159118992,0.32115813491077794,0.3441679256709906
890.0,0.03568530367095218,0.30016489868512236,0.30109020688512955,0.3630595907587964
900.0,0.03599506947891926,0.29903933278898276,0.3142199149286552,0.3507456828034431
910.0,0.03630023959451233,0.2986782903246844,0.34401346630083635,0.3210080037799672
920.0,0.03657477984120346,0.30427177598912303,0.35629387478283364,0.30285956938684017
930.0,0.03682792667737925,0.3158839291451717,0.3381793191819594,0.30910882499549
940.0,0.037106857270697624,0.3266006931441907,0.31117614049548137,0.32511630908963063
950.0,0.037452250563960274,0.3287592782522419,0.3053467565375764,0.3284417146462218
960.0,0.03785484879738795,0.32141940402850894,0.3254681184973772,0.31525762867672624
970.0,0.038261119155640524,0.31097789264824777,0.3472309284638675,0.30353005973224445
980.0,0.038622224132900757,0.30457779201677593,0.3459726619800071,0.3108273218703166
990.0,0.038934177504831274,0.3037000308374723,0.3241388638030007,0.33322692785469604
1000.0,0.03922913600750363,0.3045355678554328,0.307014049179929,0.3492212469571348
1010.0,0.039532439493144396,0.3038227518770443,0.31327753496635985,0.34336727366345177
1020.0,0.039835325855143926,0.30298723708927333,0.3345597023644081,0.32261773469117483
1030.0,0.04011178702724187,0.30596619661992,0.3462303261364701,0.3076916902163683
1040.0,0.0403568315575599,0.3136486306931333,0.3356673261017022,0.31032721164760485
1050.0,0.04060062666586673,0.3216622174224653,0.3155974968245657,0.3221396590871023
1060.0,0.04088206086578194,0.3242187537847629,0.3085273353029115,0.3263718500465437
1070.0,0.04121114952763244,0.3197881047130423,0.3212052768294947,0.31779546892983046
1080.0,0.0415609152246706,0.31241174677202654,0.33805771089513387,0.3079696271081691
1090.0,0.04189564557393863,0.3074424560401906,0.33980549378085867,0.3108564046050122
1100.0,0.04220343844838233,0.3065525028787205,0.32512690868090555,0.3261171499919916
1110.0,0.042499485165566175,0.30725834800648716,0.31110798371053294,0.3391341831174137
1120.0,0.04280130266306878,0.3068707825403118,0.3131842497015703,0.33714366509504895
1130.0,0.043107183497805346,0.30595590407261863,0.32804128295519697,0.322895629474379
1140.0,0.043401863380037514,0.3073820142109898,0.33832466324819666,0.3108914591607758
1150.0,0.04367996341991002,0.31234447932599835,0.33269807798102624,0.3112774792730653
1160.0,0.043957628257566696,0.31819076676001834,0.31809148832821266,0.3197601166542021
1170.0,0.04425782956688531,0.32066291533941405,0.31097093085975047,0.32410832423395014
1180.0,0.044585952262509145,0.31809025685969583,0.3185206046458743,0.3188031862319207
1190.0,0.04492334441035392,0.31293090680919977,0.33121730343419353,0.3109284453462528
1200.0,0.045245821620646144,0.3091188197563756,0.3343930531291178,0.31124230549386045
1210.0,0.04554632724073761,0.30827746603760287,0.32484691169649266,0.321329295025167
1220.0,0.04583750449442508,0.30884883686954884,0.3137512414633617,0.33156241717266455
1230.0,0.04613348704199324,0.3086911922289448,0.31340241631813537,0.3317729044109268
1240.0,0.046433112106471205,0.307863125911924,0.3234662965282266,0.32223746545337845
1250.0,0.046723511696964815,0.3083980526699664,0.3320429217762576,0.3128355138568115
1260.0,0.046998681608301895,0.3115275979424488,0.3295318357918728,0.31194188465737677
1270.0,0.047270559728079004,0.31573042879754043,0.31916388952572766,0.31783512194865315
1280.0,0.04755922717265804,0.3179316513280449,0.3126844363175782,0.32182468518171903
1290.0,0.047872807561043326,0.31653685827369243,0.3168284585622167,0.31876187560304764
1300.0,0.04819909469226869,0.31295467105997943,0.3261397057944052,0.3127065284533467
1310.0,0.04851764087893495,0.3100309739996214,0.3297487533897576,0.31170263173168616
1320.0,0.04881873740235666,0.3092372081331611,0.32377635055348736,0.31816770391099497
1330.0,0.049109305672749744,0.30966117241708063,0.31525133186279064,0.325978190047379
1340.0,0.04940125709333908,0.309647330550661,0.313669705032419,0.327281707323581
1350.0,0.049696998109168486,0.3089692946879326,0.3202828294964569,0.32105087770644203
1360.0,0.0499883340598103,0.30901588545751274,0.32715621320224947,0.31383956728042744
1370.0,0.05026862212578007,0.3109105072170577,0.32649613487660695,0.3123247357805552
1380.0,0.050543045381492485,0.3138625559697939,0.3192980254262007,0.31629637322251275
1390.0,0.050824862585716876,0.3157058464780643,0.3137432569989405,0.3197260339372781
1400.0,0.051121973468135413,0.3150382071083524,0.31570701622044245,0.3181328032030696
1410.0,0.051428932871190006,0.3125900952068324,0.32237266351757715,0.3136083084044003
1420.0,0.05173293599707939,0.3103756027068037,0.32586973057986357,0.3120217307162531
1430.0,0.052026607473094795,0.3096552241083118,0.3223186161492025,0.31599955226939075
1440.0,0.05231356833498807,0.30994756813784524,0.31591895619281557,0.32181990733435095
1450.0,0.05260174875807001,0.31001158981910254,0.3138184102216922,0.32356825120113497
1460.0,0.0528932579373354,0.3094923848486929,0.3179906857894074,0.31962367142456405
1470.0,0.0531826265791098,0.3093045484467303,0.32332364190907387,0.31418918306508586
1480.0,0.05346477936870323,0.3103989639957938,0.32369350583570133,0.31244275079980155
1490.0,0.053742759122192015,0.3124311744772601,0.3188229784288045,0.31500308797174315
1500.0,0.05402585203871516,0.31390755375251406,0.3142573598880506,0.31780923432071995
1510.0,0.054320061464177054,0.3136586507200503,0.31487590243101427,0.3171453853847582
1520.0,0.05462161825703362,0.31199855314908004,0.31951587377607277,0.3138639548178135
1530.0,0.054920661448402616,0.31032745126846994,0.3226184098342389,0.3121334774488885
1540.0,0.05521084595896667,0.3096862860976997,0.32066457810461513,0.3144382898387185
1550.0,0.05549442320225186,0.30986866148032305,0.31597344452541487,0.3186634707920102
1560.0,0.05577790662666359,0.30996592618857616,0.31378991895249764,0.32046624823226266
1570.0,0.05606399259200353,0.30958497381617006,0.3162818750998143,0.31806915849201217
1580.0,0.05634902185793812,0.30930164816864625,0.32029697486050207,0.3140523551129135
1590.0,0.056628371846375015,0.309883531967774,0.32116158622830865,0.3123265099575422
1600.0,0.05690305330529034,0.311248951815842,0.31795789117643775,0.31389010370242976
1610.0,0.05717972484870891,0.3123935866038948,0.31433042374863074,0.31609626479876524
1620.0,0.05746408031149673,0.312377375704958,0.3141792767780105,0.31597926720553454
1630.0,0.057755024418532606,0.31126711414172503,0.3173164246621784,0.3136614367775637
1640.0,0.05804594975062517,0.3100137225657776,0.3199135956271081,0.31202673205648884
1650.0,0.058331422734789536,0.30945148738490896,0.31896968900269207,0.31324740087760916
1660.0,0.05861188111763627,0.30954313734379824,0.31560211548263695,0.3162428660559283
1670.0,0.058891666227362194,0.3096421914978859,0.31356974888547584,0.3178963933892758
1680.0,0.059173319654250635,0.3093713001744612,0.3149406293965443,0.3165147507747435
1690.0,0.05945486470458384,0.30907073900149706,0.31788357407084816,0.3135908222230706
1700.0,0.05973285561885859,0.3093350093710495,0.31891963751798186,0.3120124974921097
1710.0,0.0600072221336828,0.3102236881294976,0.3168791698933064,0.3128899198435129
1720.0,0.06028209296406874,0.3110810406525391,0.31407010005077624,0.31456676633261565
1730.0,0.06056162570896481,0.3111757578801387,0.3135172442143525,0.31474537219654375
1740.0,0.060845599497520525,0.3104410943438608,0.31556354977894135,0.313149756379677
1750.0,0.061129667150712726,0.30950662163259485,0.3176459578895588,0.3117177533271334
1760.0,0.061409832118200995,0.30902316308992717,0.31731322378983273,0.3122537810020389
1770.0,0.061686125004783036,0.3090475938258017,0.31494604109789975,0.3143202400715152
1780.0,0.06196165779827496,0.30913212880619934,0.3131724709598989,0.3157337424356266
1790.0,0.062238563865479386,0.3089425786624974,0.313816518649053,0.3150023388229699
1800.0,0.06251563344961597,0.3086624954712912,0.3159126756561836,0.312909195422909
1810.0,0.0627901861682401,0.3087378497652029,0.3169339311347661,0.3115380329317908
1820.0,0.0630617490820821,0.30929407684498167,0.31568677891978275,0.3119573951531532
1830.0,0.06333315076223517,0.30991712701743374,0.3135612834976889,0.3131884387226418
1840.0,0.06360773832622005,0.3100522544018334,0.3128402973602857,0.31349970991166043
1850.0,0.06388585954436293,0.30956948943753115,0.3141138461483257,0.31243080486977975
1860.0,0.06416450196144086,0.3088733815008632,0.3157226841958734,0.311239432341822
1870.0,0.06444037853192866,0.30846089459820913,0.3157332347788782,0.31136549209098346
1880.0,0.06471299778437314,0.30843561892204957,0.31410401740598676,0.3127473658875901
1890.0,0.06498450236315473,0.3084969305473073,0.3126241780451475,0.31389438904439004
1900.0,0.06525679895040597,0.30836389695609706,0.3128191427212008,0.3135601613722958
1910.0,0.06552940232374589,0.3081190079495994,0.3142674523647382,0.31208413736191604
1920.0,0.0658003348745022,0.30808671227250173,0.31517719068630684,0.3109357621666888
1930.0,0.06606881846409449,0.3084137059220136,0.3144537246045784,0.3110637510093129
1940.0,0.06633653476785813,0.30885044277235735,0.3128761576321495,0.3119368648276345
1950.0,0.0666060027366865,0.30898629460230176,0.31212553988723557,0.3122821627737757
1960.0,0.06687793975134808,0.30867057123863695,0.3128667543665258,0.3115847346434889
1970.0,0.0671505507530183,0.3081529068236487,0.3140693354138127,0.31062720700951996
1980.0,0.06742144371636834,0.3078044982853032,0.3142511233318767,0.3105229346664515
1990.0,0.06768996992911659,0.30774520154454843,0.3131525907465614,0.31141223777977334
2000.0,0.06795747742776857,0.3077806887475498,0.31195598118065504,0.3123058526440264
2010.0,0.0682254303342492,0.307684431684758,0.31188836458988656,0.3122017733911061
2020.0,0.06849368625824971,0.30747755260709436,0.3128535138213744,0.31117524731328144
2030.0,0.0687608561885312,0.3073891639164025,0.3136122212902928,0.3102377586047734
2040.0,0.0690261808531563,0.30756193929122316,0.31322322556417287,0.31018865429144743
2050.0,0.0692906571270761,0.30785476769213327,0.3120718914301227,0.3107826837506678
2060.0,0.06955609873840018,0.3079704953987678,0.31136679231938025,0.31110661354345165
2070.0,0.0698232112318448,0.3077619893766154,0.31175064636403416,0.31066415302750555
2080.0,0.07009084450891136,0.3073753246437601,0.31261954541893755,0.3099142854283909
2090.0,0.07035720815475777,0.30708233433214543,0.3128664583890326,0.3096939991240642
2100.0,0.07062164907264566,0.30700127225874657,0.3121412370895651,0.31023584157904255
2110.0,0.07088506282950219,0.3070122335516956,0.31119698704795146,0.31090571657085064
2120.0,0.07114863133622219,0.3069382989241271,0.3109897050357473,0.31092336470390325
2130.0,0.07141243148060662,0.3067659071891849,0.31160303001529044,0.31021863131491784
2140.0,0.0716754792790269,0.30665204282850583,0.31220359313327434,0.3094688847591929
2150.0,0.0719370534069275,0.30672319999908365,0.3120184278833591,0.30932131871062973
2160.0,0.07219770091246908,0.3069076735161631,0.31119022087753917,0.3097044046938285
2170.0,0.07245875948798147,0.306995147183257,0.3105668049067696,0.30997928842199185
2180.0,0.07272095251859652,0.306854021955534,0.31071934981014965,0.3097056757157198
2190.0,0.07298363668301557,0.30656279470676573,0.3113241675999084,0.3091294010103103
2200.0,0.07324550186355175,0.3063165558142098,0.3115743196028749,0.3088636227193635
2210.0,0.07350589764156569,0.30622254453770315,0.31110471113468524,0.3091668466860459
2220.0,0.07376533293232322,0.30621171956004095,0.31037302080583556,0.30964992670180025
2230.0,0.07402469926322129,0.30614985933842087,0.31010392005531623,0.3097215213430416
2240.0,0.07428419535240527,0.3060061507241925,0.3104676911882393,0.30924196273516297
2250.0,0.07454317786418455,0.30588446781556977,0.3109215798183374,0.30865077450190825
2260.0,0.07480103362399539,0.3058903518231567,0.31085284831246335,0.30845576624038445
2270.0,0.07505800608154252,0.3059947085942569,0.3102634256892541,0.30868385963494643
2280.0,0.07531501310650261,0.3060521858567411,0.30973286888565826,0.3088999321510981
2290.0,0.07557267656405323,0.3059516837596692,0.3097417627367784,0.3087338769394992
2300.0,0.07583066564626745,0.3057292326263084,0.3101438077672376,0.3082962939601866
2310.0,0.07608806658475874,0.30552191562599124,0.3103647315140684,0.30802528627518166
2320.0,0.07634432985695411,0.30542165838893764,0.31006543144097554,0.30816858031313277
2330.0,0.07659974236350749,0.30539289028942634,0.3095057255481345,0.30850164179893175
2340.0,0.07685496275591998,0.3053364331830514,0.30922136200821404,0.30858724205281474
2350.0,0.07711021823666293,0.30521517214583654,0.309412387433543,0.30826222218395766
2360.0,0.07736508788254022,0.3050951100653436,0.3097392824487971,0.30780051960331917
2370.0,0.07761907386251353,0.30506054121420817,0.3097304783790578,0.3075899065442206
2380.0,0.07787225785888637,0.3051070546964035,0.3093137071634397,0.30770698028127064
2390.0,0.07812527607130888,0.30513668208163636,0.30887360949758486,0.30786443234947003
2400.0,0.07837864867079392,0.3050593917430079,0.3087984756044982,0.3077634839817001
2410.0,0.0786322264171407,0.3048857566867968,0.3090488659594665,0.307433150936596
2420.0,0.07888536050766663,0.30471000154077693,0.3092262257599126,0.3071784121916438
2430.0,0.07913757989020939,0.30460785215876107,0.3090366734366913,0.3072178945143383
2440.0,0.07938901915856077,0.3045649195058788,0.3086118810846275,0.30743418025093294
2450.0,0.07964016241889058,0.304509758105408,0.3083384568179252,0.30751162265777626
2460.0,0.07989124720020356,0.30440529318475956,0.30841343907626856,0.30729002053876825
2470.0,0.08014201903442264,0.30429125328326706,0.3086356535293709,0.30693107415293935
2480.0,0.08039208517146113,0.3042326439899431,0.3086515758416757,0.30672369499692004
2490.0,0.08064142517232975,0.30423818466006763,0.3083567033396006,0.30676368682800215
2500.0,0.08089046135400439,0.30424376065488395,0.30799751892438537,0.3068682590667264
2510.0,0.0811396158494627,0.30417875365408487,0.3078777186228347,0.30680391187361783
2520.0,0.0813888620299302,0.3040394725024018,0.30801766872069564,0.3065539967469724
2530.0,0.08163776523284598,0.3038890515823589,0.30814818582970066,0.3063249973550945
2540.0,0.08188594626540319,0.30378789667946743,0.3080264627570944,0.30629969429803505
2550.0,0.08213344320078009,0.3037342925456062,0.3077045964859,0.3064276677677138
2560.0,0.0823805932676869,0.3036781222793264,0.3074548972254191,0.30648638722756777
2570.0,0.08262760923037873,0.3035857634885771,0.3074545148540376,0.3063321124270068
2580.0,0.0828743471477345,0.30347930689302455,0.3075936726469884,0.3060526733122527
2590.0,0.08312051187557268,0.30340736983491157,0.3076137245079209,0.30585839378159496
2600.0,0.08336603742562877,0.303384554439983,0.30740292382704276,0.3058464843073454
2610.0,0.08361119481753045,0.30337036085793023,0.30711223312416,0.3059062112003793
2620.0,0.08385630832994141,0.30331091069775035,0.3069726784230217,0.3058601025492865
2630.0,0.08410140761707806,0.3031954402593985,0.3070341884343968,0.3056689636891266
2640.0,0.08434620305429477,0.3030650275826336,0.30712060754751536,0.3054681618155562
2650.0,0.08459039782510845,0.30296658021327877,0.3070385382889827,0.30540448367263
2660.0,0.0848339806158203,0.30290533698846644,0.3067933969558996,0.3054672854398136
2670.0,0.08507718665270217,0.30284711484536814,0.30657209232159965,0.30550360618032996
2680.0,0.0853201996709211,0.30276321801034667,0.3065248466009164,0.30539173571781564
2690.0,0.08556294684704543,0.3026643326181744,0.3066001261192383,0.30517259441554173
2700.0,0.08580520953854404,0.30258582022924724,0.30661320221630883,0.3049957680158997
2710.0,0.08604690339167867,0.3025438870437186,0.3064589175312961,0.3049502920333064
2720.0,0.08628819768101183,0.3025141087180537,0.3062240005516708,0.3049736930492636
2730.0,0.08652934033213189,0.30245637170378137,0.3060798031661866,0.3049344847979
2740.0,0.08677039200033554,0.30235722501444784,0.3060871432390184,0.304785239746198
2750.0,0.08701116661324564,0.3022424254541169,0.3061351322021318,0.3046112757305055
2760.0,0.0872514347248367,0.30214754541420735,0.30607432479149543,0.3045266950694602
2770.0,0.0874911551344943,0.30208110111021624,0.3058851093050645,0.3045426344502246
2780.0,0.0877304842971559,0.30202052639378085,0.30569213861616973,0.3045568506928933
2790.0,0.08796957362838108,0.30194238488467456,0.30561751122449093,0.30447053026245313
2800.0,0.08820839693209326,0.30185031983925714,0.30564508167893206,0.30429620154971726
2810.0,0.08844679862361574,0.30176934756170243,0.30564613285663567,0.30413772095804587
2820.0,0.08868469304174742,0.30171491572909787,0.3055287461270434,0.30407164510211104
2830.0,0.08892217846460918,0.30167324965301584,0.30533783757742955,0.30406673430494524
2840.0,0.08915943707902603,0.30161517283605227,0.3051974793193872,0.3040279107655343
2850.0,0.08939653883172542,0.3015270931091908,0.3051685630641907,0.30390780499489284
2860.0,0.08963337014806858,0.30142437738139743,0.30518480804357184,0.30375744442696195
2870.0,0.08986976055173268,0.301333407412293,0.30513375562862993,0.30366307640734413
2880.0,0.0901056590236817,0.30126369898868005,0.3049844589260528,0.30364618306158525
2890.0,0.09034116669320785,0.3012009340727098,0.30481726355371347,0.30364063568036864
2900.0,0.09057640307704475,0.3011266287254942,0.30472813892035644,0.30356882927710443
2910.0,0.09081136773348752,0.3010403586888697,0.3047210405370327,0.30342723304061
2920.0,0.09104595239809606,0.30095932234229933,0.3047086532832389,0.30328607197636553
2930.0,0.09128007970390178,0.30089706681348327,0.30461455891146916,0.3032082945711455
2940.0,0.09151380307255258,0.3008466394656943,0.3044575218887561,0.3031820355729968
2950.0,0.09174725411973157,0.3007872967328881,0.3043252316737792,0.30314021747360087
2960.0,0.09198050060806058,0.3007066435764392,0.30427296100062884,0.30303989481487104
2970.0,0.09221347580162519,0.3006131965949445,0.3042640379322726,0.30290928967115743
2980.0,0.09244605404688389,0.30052610979187927,0.304215899434807,0.3028119367264296
2990.0,0.09267818281316346,0.3004545920819948,0.3040945192948228,0.30277270581001875
3000.0,0.09290992500474261,0.3003900254905231,0.3039494858694287,0.3027505636353052
3010.0,0.09314137340712407,0.3003182546238652,0.30385411046657923,0.3026862615024312
3020.0,0.09337254229240474,0.3002367382149435,0.3038225408619985,0.30256817863065283
3030.0,0.09360335881085702,0.300156929956061,0.3037973367925364,0.30244237444054517
3040.0,0.09383375697618898,0.3000900754937984,0.3037173322627628,0.30235883526724944
3050.0,0.094063761381916,0.3000334171449746,0.3035858069459292,0.3023170145271798
3060.0,0.09429346498303705,0.2999725515833426,0.30346317960644176,0.30227080382717814
3070.0,0.09452292880977095,0.29989686634589063,0.3033966317564412,0.30218357308789673
3080.0,0.09475211783325065,0.29981050722941743,0.3033684595828081,0.3020689153545233
3090.0,0.09498094213185046,0.2997270827541011,0.30331948610043097,0.30197248901361695
3100.0,0.09520935306979836,0.29965482027274537,0.30321723032772124,0.3019185963297345
3110.0,0.09543738692884297,0.2995889255139565,0.3030905078139432,0.3018831797432568
3120.0,0.09566511316467827,0.2995188441133068,0.30299390707001905,0.3018221356519953
3130.0,0.09589255228303731,0.2994411495850632,0.30294561582958746,0.3017206823023114
3140.0,0.09611965719213349,0.2993631875133205,0.30290923189626623,0.30160792339827913
3150.0,0.0963463745989297,0.29929391739659933,0.3028372898326713,0.30152241817179903
3160.0,0.09657271197268752,0.2992330148301155,0.3027246264606114,0.301469646736585
3170.0,0.09679873310788517,0.2991707315828653,0.3026117138500253,0.3014188214592237
3180.0,0.09702448923583215,0.2990983786067203,0.3025370968280265,0.3013400353294205
3190.0,0.09724996466019804,0.29901743365954947,0.3024946873617153,0.3012379143185366
3200.0,0.09747509635888467,0.29893734899879637,0.30244310028925153,0.30114445435306675
3210.0,0.09769984245766827,0.29886509561338764,0.302353685505664,0.3010813764232795
3220.0,0.09792422230069069,0.29879835269745875,0.302241661796806,0.30103576320504394
3230.0,0.0981482869914525,0.29872944701816617,0.30214670253416587,0.30097556345621485
3240.0,0.0983720585447382,0.2986548009382219,0.30208742657502724,0.30088571394201213
3250.0,0.09859550776152906,0.29857890345268756,0.3020418724150483,0.3007837163707346
3260.0,0.09881859298648488,0.2985086597951298,0.3019741872634968,0.300698559954888
3270.0,0.09904131219214782,0.2984450351457372,0.301875252019373,0.30063840064274133
3280.0,0.09926370826419781,0.2983816212176742,0.3017712938203216,0.30058337669780577
3290.0,0.09948582283020029,0.29831154502204643,0.301692734875652,0.3005098972721006
3300.0,0.09970765188896867,0.2982347526015799,0.30164015762579766,0.3004174378836531
3310.0,0.0999291522054212,0.29815764856254806,0.3015853745854728,0.3003278246465574
3320.0,0.100150288994786,0.2980859129722196,0.30150441374899334,0.3002593842840005
3330.0,0.1003710706183187,0.2980187549849579,0.30140393363488693,0.300206240761836
3340.0,0.10059153373694212,0.2979507356891263,0.30131208035876106,0.3001456502151701
3350.0,0.10081169930017501,0.297878528431056,0.3012459673369197,0.3000638049318488
3360.0,0.10103155050712827,0.2978046939228374,0.30119326229557186,0.299970493274462
3370.0,0.1012510558947488,0.29773440192888617,0.3011275482284987,0.29988699394786594
3380.0,0.10147020867849897,0.29766919212813264,0.30103847555218427,0.2998221236411838
3390.0,0.10168903670259542,0.29760499817602415,0.3009423480015529,0.29976361711982713
3400.0,0.10190757261681241,0.29753653812379605,0.300862491545743,0.2996933977136481
3410.0,0.10212581897150078,0.2974629626908715,0.30080293984748974,0.2996082784901375
3420.0,0.10234374707632382,0.29738848894125225,0.3007450617439229,0.2995227022385005
3430.0,0.10256132924552308,0.2973176020487344,0.3006695713598473,0.29945149734589466
3440.0,0.10277856736524577,0.29725039832992495,0.30057801056743055,0.2993930237373982
3450.0,0.1029954870832696,0.29718312431334715,0.3004898502680582,0.2993315383353245
3460.0,0.1032121067978221,0.29711289419609666,0.3004198217043987,0.2992551773016819
3470.0,0.10342841779317707,0.29704101164462204,0.30036179882898456,0.29916877173321565
3480.0,0.10364439698841442,0.29697124457295354,0.3002967793130377,0.2990875791255937
3490.0,0.1038600358872543,0.29690528184549697,0.30021472889456113,0.29901995337268694
3500.0,0.1040753519711176,0.2968406587747769,0.30012522098563893,0.29895876826846596
3510.0,0.10429037016775566,0.29677341803094276,0.3000456843387152,0.2988905274625857
3520.0,0.10450509615614828,0.2967023740576478,0.2999815908831831,0.29881093890302013
3530.0,0.10471951143330879,0.29663020874547286,0.2999210638312247,0.29872921598999286
3540.0,0.1049335945333325,0.296560370292047,0.299849073724304,0.2986569614503157
3550.0,0.10514734376985303,0.29649341950303104,0.2997643296504931,0.29859490707662206
3560.0,0.10536077671196842,0.29642684158696786,0.2996799335905747,0.2985324481104883
3570.0,0.1055739088342102,0.2963582509363863,0.2996079944539838,0.29845984577541884
3580.0,0.10578673658931341,0.29628816588573753,0.29954621661307806,0.2983788809118701
3590.0,0.10599924351693107,0.2962192613496094,0.29948126090809474,0.29830023422536395
3600.0,0.10621142105816087,0.2961531410254167,0.2994041922107901,0.29823124570563153
3610.0,0.10642327967794944,0.2960884059891869,0.299320157452132,0.29816815688073084
3620.0,0.10663483800418293,0.29602216081115956,0.2992418657879833,0.2981011353966735
3630.0,0.10684610291483268,0.2959531545218638,0.29917503647163396,0.2980257060916688
3640.0,0.10705706303772052,0.2958830169260266,0.29911244594883635,0.2979474740874158
3650.0,0.10726770218322311,0.2958143361170437,0.29904269860419785,0.2978752630955345
3660.0,0.1074780169225719,0.29574786977512374,0.29896313581680506,0.29781097748549845
3670.0,0.10768801892232864,0.29568199118463856,0.29888229445342823,0.29774769543960383
3680.0,0.10789772069385699,0.29561480001833246,0.2988097794139396,0.29767769987387016
3690.0,0.10810712179514982,0.2955463517404217,0.2987455206004738,0.29760100586395377
3700.0,0.10831621086506807,0.29547849421331146,0.2986803946779888,0.2975249002436308
3710.0,0.10852498019212146,0.29541263265174056,0.29860687501253674,0.2974555121436003
3720.0,0.10873343563251575,0.29534805440237083,0.2985273047182313,0.29739120524688123
3730.0,0.10894159078432793,0.2952826895446355,0.2984507311601901,0.29732498851084566
3740.0,0.10914945251092152,0.29521536965504164,0.2983824717073124,0.2972527061267235
3750.0,0.10935701424773271,0.2951470228020438,0.29831841909946344,0.2971775438507592
3760.0,0.10956426411230155,0.29507954788648194,0.2982501475573964,0.2971060404438193
3770.0,0.10977119812801855,0.29501373913675977,0.29817452668755867,0.2970405360476621
3780.0,0.10997782383137748,0.2949485900441107,0.2980969011111722,0.29697668501333874
3790.0,0.11018415106236744,0.2948826327430215,0.29802466623281537,0.2969085499617949
3800.0,0.11039018109447421,0.2948156731715908,0.2979589277191761,0.2968352180147581
3810.0,0.11059590634666186,0.2947489502833462,0.2978936255733981,0.29676151779659304
3820.0,0.11080132032461931,0.2946836311708254,0.29782267350045927,0.2966923750040952
3830.0,0.1110064259811212,0.29461942737395874,0.2977467234910122,0.29662742315390705
3840.0,0.11121123306674652,0.2945548936525868,0.29767205793518703,0.2965618153454788
3850.0,0.11141574784012466,0.2944890138172014,0.2976032880611604,0.2964919502815128
3860.0,0.11161996689243453,0.29442226239876557,0.297538326263679,0.2964194444451201
3870.0,0.11182388171202376,0.2943560021335473,0.2974710902222199,0.29634902593220824
3880.0,0.11202748840980972,0.2942909749930732,0.29739849328439877,0.29628304331271743
3890.0,0.11223079167300325,0.29422659575715754,0.29732370574224926,0.2962189068275893
3900.0,0.11243379906693964,0.2941617608272994,0.2972522746855433,0.296152165420217
3910.0,0.11263651270546124,0.2940961625588266,0.29718581992482934,0.2960815048108821
3920.0,0.11283892775903556,0.29403060309716966,0.29712045438844936,0.29601001475534466
3930.0,0.11304103902909347,0.2939660137665523,0.2970514145898813,0.29594153261447215
3940.0,0.11324284771041011,0.2939023538352336,0.2969784038089302,0.2958763946454253
3950.0,0.1134443606604003,0.29383863959565387,0.2969056673439442,0.29581133240000085
3960.0,0.11364558327342626,0.29377402922781043,0.29683701679781677,0.2957433707009458
3970.0,0.11384651415254246,0.29370871586017133,0.2967716193477658,0.2956731506395197
3980.0,0.11404714738672149,0.2936436553175963,0.29670518972894994,0.2956040075667316
3990.0,0.11424747952921492,0.29357949479299,0.2966349514042458,0.29553807427354867
4000.0,0.11444751336551987,0.29351592606377114,0.29656263787106163,0.29547392269964673
4010.0,0.11464725459185507,0.2934521402263582,0.29649230871297666,0.29540829646880945
4020.0,0.11484670560240978,0.29338779825689776,0.2964257031895903,0.29533979295110147
4030.0,0.11504586350576151,0.29332339718074096,0.29636043717888844,0.29527030213460836
4040.0,0.11524472431682059,0.293259656433675,0.29629288501780593,0.2952027342316978
4050.0,0.11544328824499302,0.29319666779993553,0.29622227943385704,0.29513776452121365
4060.0,0.1156415600323554,0.2931337805376261,0.2961514012602105,0.29507325816980723
4070.0,0.11583954414832338,0.293070322701547,0.29608328689993857,0.29500684625019036
4080.0,0.11603724040745389,0.29300632217745165,0.29601784016743043,0.2949385972476633
4090.0,0.1162346448384681,0.2929424331710305,0.2959521183944363,0.2948708035960644
4100.0,0.11643175457652664,0.29287919404655594,0.2958837662875677,0.294805285089349
4110.0,0.11662857118547575,0.29281647165682223,0.29581360156280434,0.2947413555948969
4120.0,0.11682509889138296,0.292753687625549,0.29574452462657685,0.2946766888564905
4130.0,0.11702134005706198,0.29269051779567445,0.2956781758464352,0.2946099663008277
4140.0,0.11721729312024497,0.29262725218082586,0.29561318155427296,0.29454227314465564
4150.0,0.11741295514658803,0.29256443091698336,0.2955468515801716,0.29447576235625644
4160.0,0.11760832584934265,0.2925022059239958,0.2954782428173157,0.29441122540934533
4170.0,0.11780340845910536,0.29244016122512,0.29540910821707966,0.29434732209869446
4180.0,0.11799820658345828,0.29237777636691986,0.2953417947739131,0.29428222227570827
4190.0,0.11819272072665266,0.2923149902029063,0.2952766018823953,0.29421568718804525
4200.0,0.11838694833762387,0.292252238434513,0.2952115652472175,0.2941492479806452
4210.0,0.11858088715440618,0.292189952825218,0.2951447706723891,0.29408438934798614
4220.0,0.1187745379830729,0.2921281052998232,0.29507647860463265,0.29402087811247063
4230.0,0.11896790391787364,0.2920662926109192,0.2950087113883823,0.29395709208282417
4240.0,0.11916098712180055,0.29200422868123366,0.29494290408156165,0.29389188011540357
4250.0,0.11935378691718063,0.29194206743452755,0.2948783413297673,0.29382580431852395
4260.0,0.11954630123691862,0.2918802039639273,0.2948130744299476,0.2937604203692058
4270.0,0.11973852960162841,0.29181880688405915,0.29474615606511767,0.29369650744919407
4280.0,0.11993047418528481,0.29175762163702557,0.2946786367048638,0.2936332674728251
4290.0,0.12012213784106976,0.29169625562661977,0.29461228266664746,0.29356932386566226
4300.0,0.12031352142069077,0.29163460690035775,0.29454757274925114,0.2935042989296997
4310.0,0.12050462339006762,0.291572956196766,0.2944832396557632,0.29343918075740244
4320.0,0.12069544204736486,0.2915116398494873,0.2944177780460918,0.2933751400570553
4330.0,0.12088597776282226,0.29145068777413957,0.2943511327818895,0.2933122016811479
4340.0,0.12107623278379236,0.29138982658247065,0.2942846764995843,0.2932492641341519
4350.0,0.12126620900305651,0.29132881688983175,0.2942196025837009,0.29318537152341007
4360.0,0.1214559063081423,0.29126772652855176,0.294155608170377,0.2931207589929281
4370.0,0.12164532331737242,0.29120683732558583,0.2940913148094462,0.29305652454759473
4380.0,0.12183445953385068,0.29114631046909806,0.2940258612973454,0.2929933686997051
4390.0,0.12202331641301159,0.2910859994396819,0.2939598316866978,0.2929308524606079
4400.0,0.12221189618319561,0.29102561510235453,0.29389452323306314,0.29286796548138583
4410.0,0.12240019983299882,0.2909650437094584,0.2938304640323304,0.29280429242521155
4420.0,0.12258822653665731,0.29090445887333677,0.29376687021989484,0.2927404443701102
4430.0,0.12277597507789556,0.29084411568320995,0.2937025921359526,0.292677317102941
4440.0,0.12296344559523094,0.29078407224381736,0.2936374132029974,0.29261506895795336
4450.0,0.12315063971783353,0.2907241488513425,0.29357223789948667,0.2925529735313363
4460.0,0.1233375590572023,0.2906641529236335,0.29350802174363433,0.2924902662755289
4470.0,0.1235242038448282,0.29060410076570287,0.29344470594391087,0.29242698944555706
4480.0,0.12371057322508698,0.2905441882461702,0.29338133961416624,0.29236389891457554
4490.0,0.12389666677546432,0.29048455728242817,0.2933171871256603,0.2923015888164462
4500.0,0.12408248547518985,0.29042513138260867,0.2932525336028182,0.2922398495393822
4510.0,0.12426803105244934,0.290365702494705,0.2931883093560894,0.29217795709675515
4520.0,0.12445330451057271,0.290306161256741,0.2931250193450359,0.29211551488764925
4530.0,0.12463830550589776,0.29024660917931444,0.29306220579442743,0.2920528795203593
4540.0,0.12482303322348605,0.2901872352776045,0.29299901237502685,0.2919907191238815
4550.0,0.12500748770213738,0.2901281070839063,0.29293515882532484,0.29192924638863044
4560.0,0.12519167012851262,0.29006911097754023,0.29287121958553125,0.29186799930841484
4570.0,0.1253755818511666,0.29001009686527707,0.2928079365585561,0.2918063847249992
4580.0,0.12555922329515928,0.28995105252241415,0.292745383929591,0.2917443402528346
4590.0,0.12574259399689836,0.2898921102602798,0.2926829238265359,0.29168237191628504
4600.0,0.125925693648267,0.2898333884915354,0.2926199547840939,0.2916209630761027
4610.0,0.12610852292389038,0.2897748542908331,0.2925565790162306,0.2915600437690449
4620.0,0.12629108316327364,0.28971636141833323,0.29249344763914975,0.2914991077792423
4630.0,0.12647337531750744,0.289657813029638,0.29243100627938917,0.29143780537346436
4640.0,0.12665539936087133,0.2895992634600474,0.2923690108163016,0.2913763263627787
4650.0,0.1268371547980191,0.28954084961659754,0.2923068385121249,0.2913151570732576
4660.0,0.12701864164525628,0.2894826378652252,0.2922442017037863,0.29125451878573133
4670.0,0.1271998607813079,0.28942455985860044,0.29218144859967504,0.2911941307604158
4680.0,0.1273808133254115,0.28936650185935525,0.2921191396812829,0.2911335451339495
4690.0,0.12756149979978046,0.28930843771945547,0.2920574121708071,0.29107265030995605
