time_fs,PYR2,PYR3,PYR4,PYR5
0.0,0.0,0.0,0.0,1.0
10.0,5.517197830554665e-07,0.003794499900164178,0.21868529429914657,0.7775196540809062
20.0,3.002954132337096e-05,0.049398657017469746,0.6096562368431928,0.34091507659801396
30.0,0.00027078766756795635,0.1822414156741034,0.734962725333019,0.08252507132530947
40.0,0.0011210956885625617,0.3733594017949691,0.4870186664004013,0.13850083611606703
50.0,0.0029346333812421323,0.5204195032651483,0.16830574718733632,0.30834011616627327
60.0,0.005613525218092668,0.536752281998681,0.12110151942452259,0.3365326733587038
70.0,0.008524417924473553,0.4300547838141177,0.35600576278868457,0.20541503547272413
80.0,0.010917810657234015,0.2885945750401492,0.5795491501182944,0.12093846418432232
90.0,0.012476918869243443,0.1962091333319969,0.5461975841109947,0.24511636368776493
100.0,0.013453958097127535,0.16832419181304403,0.31847324237053554,0.49974860771929297
110.0,0.014277264013407414,0.16735177479233734,0.16460655280623498,0.6537644083880202
120.0,0.015063626752611045,0.16520492809437898,0.2447581988328789,0.5749732463201312
130.0,0.015544931786108477,0.17663526151293238,0.44854647171487183,0.35927333498608743
140.0,0.015452842570764512,0.2309249933289237,0.5430189618649057,0.2106032022354061
150.0,0.014919981386385128,0.3229563912945833,0.4371784309355069,0.2249451963835243
160.0,0.014462940662785695,0.40431982920147885,0.2645558931012311,0.3166613370345039
170.0,0.014570464947564856,0.4252600161825254,0.21468485314690736,0.34548466572300196
180.0,0.015319956815742662,0.3805932656078252,0.32305960743836387,0.28102717013806766
190.0,0.016382550385726332,0.3110338713826293,0.4507721775645879,0.22181140066705585
200.0,0.017362436178776794,0.2621709818662623,0.45459535118221234,0.2658712307727479
210.0,0.01810783312274276,0.24680384374101524,0.3425469409470143,0.3925413821892271
220.0,0.01872265792425668,0.246867345897256,0.24841182849731283,0.48599816768117393
230.0,0.01934803570535992,0.24493349505058598,0.2727961691851541,0.46292230005889934
240.0,0.019989960136034855,0.24594234136094725,0.37734132579631297,0.35672637270670426
250.0,0.02055746296181209,0.266627856620821,0.44076826258937407,0.2720464178279924
260.0,0.02101698947629747,0.3091836131050885,0.3985880974994147,0.2712112999191989
270.0,0.02145995955282912,0.3519239589345873,0.30644440618613844,0.3201716753264447
280.0,0.02201174583897863,0.3678550818928164,0.2670512350647264,0.34308193720347824
290.0,0.02270077443976304,0.35005277406435054,0.3145409279742273,0.3127055235216588
300.0,0.023438524556421706,0.31655490400136144,0.3856555430256211,0.27435102841659537
310.0,0.02412105543796446,0.2913490648003777,0.39917236206173706,0.28535751769992046
320.0,0.02472764566093562,0.2832410837401795,0.34576321725422327,0.3462680533446613
330.0,0.025311461178793248,0.28380629143551966,0.2900793335330417,0.40080291385264505
340.0,0.02591110139707245,0.28280028903466936,0.29254230860114133,0.39874630096711644
350.0,0.02649772837980148,0.2813402657218125,0.34424706710922814,0.3479149387891575
360.0,0.027018813463612668,0.2886137924944441,0.38392504897026825,0.3004423450716745
370.0,0.02748035196618516,0.308070603839698,0.3696730609625735,0.2947759832315428
380.0,0.02796543618795026,0.3303181893369314,0.32199147732921246,0.3197248971459053
390.0,0.028562870957981237,0.3409583332394662,0.29483015495497694,0.33564864084757495
400.0,0.029282246963383413,0.33430884844482794,0.31382427558113074,0.3225846290106573
410.0,0.030045606281654206,0.31806980635535353,0.35197621453127836,0.29990837283171334
420.0,0.030761014434943227,0.3048057031394267,0.36483194480303327,0.2996013376225962
430.0,0.03139853831507686,0.30029817677061804,0.3405310254738646,0.32777225944044003
440.0,0.03199476094567662,0.30082497057735064,0.30901038721329516,0.35816988126367716
450.0,0.03259362029725686,0.30046995131564097,0.3049495848266266,0.3619868435604753
460.0,0.03319520627579033,0.2988782667609435,0.3296317456520185,0.33829478131124724
470.0,0.03376511684922996,0.30084796128132624,0.35308696647240806,0.3122999553970353
480.0,0.03428500894703404,0.3093176531341032,0.3498016334176382,0.30659570450122414
490.0,0.03478273397055811,0.32055691092592625,0.32574447056831723,0.318915884535198
500.0,0.035309349636082794,0.32711946549188503,0.30847806736212363,0.32909311750990816
510.0,0.03589114697133851,0.32503686595021936,0.31509074003430126,0.3239812470441406
520.0,0.03650893881164784,0.31731304494062534,0.33500135980675555,0.3111766564409711
530.0,0.037122782332398116,0.31036681741357924,0.34453524423232545,0.3079751560216971
540.0,0.03771115547842195,0.30780203351244223,0.3339968648008067,0.32048994620832894
550.0,0.038283299089890456,0.3081355175619697,0.31660791079607553,0.33697327255206405
560.0,0.03885782876243176,0.30808814568105464,0.3116609616685244,0.34139306388798907
570.0,0.03943726408041291,0.30696356246872897,0.32294452768323195,0.330654645767626
580.0,0.04000747140931668,0.30714019641093765,0.33628622012402104,0.3165661120557246
590.0,0.040558917763904544,0.31064477773217986,0.33678099542201245,0.31201530908190306
600.0,0.041102156121300935,0.3161613283145363,0.3249413621801146,0.31779515338404807
610.0,0.04165911769195792,0.3199449190924645,0.31445071941836544,0.3239452437972122
620.0,0.042240754759215605,0.31948300433184157,0.3159695120913732,0.3223067288175695
630.0,0.04283629631681203,0.3158083348310838,0.3260077130242773,0.3153476558278268
640.0,0.043424971832192204,0.31214245405071184,0.3323045757323507,0.3121279983847452
650.0,0.04399605249375435,0.3106435633942179,0.32806937160347077,0.3172910125085572
660.0,0.04455569106009923,0.31080356982128277,0.3187182637025278,0.32592247541609026
670.0,0.045115509542424215,0.31084782946748,0.3146612527035265,0.3293754082865693
680.0,0.045677903105652375,0.3101390882079523,0.3194770351628535,0.3247059735235419
690.0,0.04623460601369642,0.3098035847902669,0.3267669585195153,0.31719485067652137
700.0,0.046778516127006904,0.3111166076063862,0.32813814000506014,0.3139667362615467
710.0,0.047314020940326634,0.3137313471320979,0.3224726081181985,0.31648202380937696
720.0,0.047853986561314926,0.3158132696323632,0.3163323568389744,0.32000038696734745
730.0,0.04840721715771169,0.31585234410589225,0.3160392025204565,0.31970123621593965
740.0,0.048970326859647084,0.3140973745367138,0.32089645774292086,0.3160358408607184
750.0,0.04953215974692419,0.31213039584724656,0.32473945132673576,0.31359799307909364
760.0,0.05008496787816658,0.31121035070425573,0.3232139041253973,0.3154907772921805
770.0,0.05063023380692119,0.3112320674059016,0.31828476037679176,0.3198529384103856
780.0,0.05117418237025101,0.3112637781749527,0.31541099635355774,0.32215104310123877
790.0,0.051719481853627604,0.3108298747381439,0.3172502004839371,0.3202004429242917
800.0,0.05226267888439368,0.31042844326721863,0.3210803479933763,0.3162285298550116
810.0,0.052799340802221054,0.31080997525145415,0.322318484780467,0.314072199165858
820.0,0.053330141823192935,0.31197171154392855,0.3196671638698149,0.31503098276306374
830.0,0.05386081077282912,0.31304555657258143,0.3161523437268709,0.31694128892771867
840.0,0.054396337421317394,0.31316374928429996,0.3153843879897507,0.3170555253046321
850.0,0.05493612133850547,0.3123043874076771,0.317604814165329,0.3151546770884886
860.0,0.05547514264295047,0.31122305220162993,0.3198083912676711,0.3134934138877486
870.0,0.05600931489759497,0.310633198081238,0.31935557982828355,0.31400190719288346
880.0,0.05653898203751587,0.3105692897142604,0.3167864608247408,0.3161052674234829
890.0,0.05706725118796003,0.31055683939628703,0.314884768995037,0.31749114042071597
900.0,0.05759577767290108,0.31027763590059865,0.31541791816800646,0.31670866825849386
910.0,0.05812298696308848,0.3099333678868325,0.3173325409412155,0.31461110420886357
920.0,0.05864639526962072,0.30994486359405177,0.318196191258036,0.3132125498782915
930.0,0.05916594415536222,0.3104005138707096,0.31697187241605135,0.3134616695578769
940.0,0.05968442783669598,0.3109045765211332,0.3149828020160546,0.3144281936261164
950.0,0.060204662605443465,0.31097476411428693,0.3142251158392273,0.31459545744104245
960.0,0.060726674563410216,0.3105222088319653,0.31514243236649675,0.31360868423812793
970.0,0.06124790635031283,0.30989695963695046,0.31632348338307037,0.31253165062966654
980.0,0.061765951199580726,0.30949442762431684,0.3162354000925052,0.3125042210835974
990.0,0.06228070867266117,0.30938163699961957,0.3148947960231151,0.3134428583046043
1000.0,0.06279383600342865,0.3093245553761524,0.3136783523733853,0.3142032562470338
1010.0,0.06330649521344663,0.30912357035200105,0.31368329421064334,0.3138866402239093
1020.0,0.0638180733364023,0.30884813300543545,0.31456955851495083,0.3127642351432118
1030.0,0.06432714828761615,0.3087249995178818,0.3150821509271717,0.3118657012673306
1040.0,0.06483335811649311,0.30884486096964986,0.31450508113961095,0.31181669977424636
1050.0,0.06533797364868636,0.3090363827563088,0.3133743186967935,0.3122513248982117
1060.0,0.06584261133035771,0.30903928986817614,0.3127615742996046,0.312356524501862
1070.0,0.0663476114434837,0.30876822970687845,0.3130597279159077,0.3118244309337307
1080.0,0.0668518360301453,0.3083785864303581,0.31363592640237564,0.3111336511371216
1090.0,0.0673539575827406,0.30808458463610805,0.3136304460887291,0.31093101169242304
1100.0,0.06785372917836606,0.3079473798292606,0.3129114638570753,0.3112874271352988
1110.0,0.06835193298531321,0.30785605477132205,0.3121371051126106,0.31165490713075483
1120.0,0.0688492718203275,0.3076914332369814,0.3119564241437787,0.311502870798913
1130.0,0.06934555756530157,0.30746896134142476,0.3123077457329893,0.310877735360285
1140.0,0.06984004734036921,0.3073062822130446,0.3125619827386266,0.3102916877079602
1150.0,0.07033241444672754,0.30727193255379226,0.31226338660058345,0.31013226639889746
1160.0,0.07082319368966468,0.3072970187373577,0.31160207766677495,0.31027770990620335
1170.0,0.07131323365482584,0.3072449337156131,0.3111376810127766,0.3103041516167852
1180.0,0.071802823411658,0.3070521971912445,0.3111550217697621,0.30998995762733617
1190.0,0.07229145773758601,0.30678388393875683,0.31138800932045385,0.3095366490032041
1200.0,0.07277842874498937,0.30655353900708826,0.311368891900314,0.3092991403476091
1210.0,0.07326353398454001,0.3064065663790289,0.31095634837821207,0.30937355125821964
1220.0,0.07374715144236382,0.30629287515596815,0.3104521826879126,0.309507790713756
1230.0,0.07422969754968523,0.3061439962562067,0.31022603859059694,0.3094002676035117
1240.0,0.07471114071185847,0.3059564294097157,0.31030793796418027,0.30902449191424614
1250.0,0.0751910959790697,0.3057890164023822,0.31039251524573475,0.3086273723728139
1260.0,0.07566932750094013,0.3056872844300778,0.3102051747979602,0.30843821327102233
1270.0,0.07614605407074723,0.30562681840156425,0.3097949303908158,0.3084321971368733
1280.0,0.07662172844812284,0.30553779955390975,0.30944579901443775,0.3083946729835303
1290.0,0.07709656857678228,0.30537812137925197,0.3093444833593696,0.30818082668459684
1300.0,0.0775703641372791,0.3051726068811799,0.3093900051086923,0.3078670238728493
1310.0,0.07804273700511455,0.3049801353292893,0.30933503683688723,0.3076420908287096
1320.0,0.0785135332449139,0.3048311869642596,0.3090695231785291,0.30758575661229803
1330.0,0.07898292284504711,0.30470464881262255,0.30872448338102015,0.30758794496131076
1340.0,0.07945114592265931,0.30456246465408054,0.3085037363008834,0.30748265312237727
1350.0,0.07991822858330665,0.30439658505345196,0.30845539820685924,0.30722978815638285
1360.0,0.08038398225575479,0.3042352706976989,0.3084367055757418,0.30694404147080523
1370.0,0.08084825299500492,0.3041065490194344,0.308288935286932,0.3067562626986294
1380.0,0.08131111623965889,0.30400398302751397,0.3080104017228239,0.30667449901000393
1390.0,0.08177280312631252,0.30389288360802386,0.3077409346769568,0.3065933785887075
1400.0,0.08223345902759345,0.30374719103728365,0.30759538849021184,0.30642396144491174
1410.0,0.08269300835523719,0.30357478412388167,0.30754259584479815,0.3061896116760837
1420.0,0.08315125900616542,0.30340548343742013,0.30745539480572043,0.3059878627506947
1430.0,0.0836081104090254,0.30325847969283204,0.3072587421486787,0.3058746677494645
1440.0,0.08406363498034854,0.30312581205667855,0.30700507205132593,0.3058054809116476
1450.0,0.08451796563690404,0.30298696276340653,0.3068035378352436,0.30569153376444635
1460.0,0.08497113756764979,0.30283450179174914,0.30669571407740753,0.30549864656319414
1470.0,0.08542306274699235,0.30268136778224336,0.3066179681733483,0.3052776012974165
1480.0,0.08587364939025652,0.30254392309361106,0.3064816286166741,0.3051007988994588
1490.0,0.08632291804966064,0.3024221502768469,0.30627141074486297,0.30498352092863
1500.0,0.08677098474180917,0.3022993379964716,0.3060538023335921,0.3048758749281277
1510.0,0.08721793966250974,0.3021601195514928,0.30589628656520435,0.3047256542207937
1520.0,0.087663761168386,0.30200586229787624,0.305794456160588,0.30453592037315025
1530.0,0.08810835334150578,0.301851289517943,0.3056848269469827,0.3043555301935691
1540.0,0.08855165428297397,0.30170794512121185,0.3055200147371079,0.3042203858587068
1550.0,0.08899369309412003,0.3015734554173812,0.30531817235668757,0.3041146791318117
1560.0,0.08943454279799314,0.30143707596870184,0.30513613189004934,0.3039922493432562
1570.0,0.08987423410072956,0.30129330610481925,0.3050036888171106,0.3038287709773412
1580.0,0.09031272881872454,0.30114770543940717,0.3048943196872708,0.30364524605459803
1590.0,0.0907499749883254,0.3010094401992432,0.30475995979969633,0.30348062501273554
1600.0,0.0911859737942979,0.3008802272472718,0.30458523624730544,0.30334856271112537
1610.0,0.09162078267541002,0.30075230404977854,0.3044004429429818,0.30322647033183014
1620.0,0.0920544562188665,0.30061694246137244,0.3042438018176909,0.30308479950207073
1630.0,0.09248699403246619,0.30047340551965623,0.3041193536541844,0.30292024679369367
1640.0,0.09291835055973827,0.3003287508523521,0.30399642196910504,0.3027564766188051
1650.0,0.09334848983926215,0.3001896775968605,0.3038466212385051,0.3026152113253728
1660.0,0.0937774222997712,0.30005594914341877,0.30367428404386904,0.3024923445129415
1670.0,0.0942051873308574,0.2999221054938918,0.3035081641233659,0.30236454305188537
1680.0,0.09463180776678014,0.2997844897688702,0.3033676582043151,0.30221604426003507
1690.0,0.09505726931700623,0.29964527055348356,0.30324284791049366,0.302054612219017
1700.0,0.0954815444829514,0.2995094036332219,0.3031084068045773,0.30190064507924996
1710.0,0.09590462965945376,0.29937865127761065,0.3029526233879157,0.3017640956750205
1720.0,0.09632655295444667,0.2992495707831212,0.3027885338358289,0.30163534242660384
1730.0,0.09674734651472115,0.2991173588552277,0.3026371171049476,0.301498177525104
1740.0,0.09716701639879127,0.2989808836022982,0.3025037783351977,0.3013483216637134
1750.0,0.09758554247877592,0.29884340900413525,0.30237425665303597,0.3011967918640534
1760.0,0.09800290529016013,0.298708706230609,0.3022322190834131,0.3010561693958183
1770.0,0.09841910836491241,0.29857719792920595,0.3020771415235488,0.3009265521823334
1780.0,0.09883417310598937,0.29844619780786064,0.30192312828789786,0.3007965007982527
1790.0,0.09924811541235326,0.29831343264473226,0.3017820518877827,0.3006564000551324
1800.0,0.0996609317321339,0.2981796059322439,0.30165095728012126,0.30050850505550153
1810.0,0.10007260866648418,0.29804731091690045,0.30151686936407524,0.3003632110525407
1820.0,0.10048314294442492,0.2979178888784444,0.30137189627025585,0.30022707190687536
1830.0,0.10089254863144798,0.2977899083233048,0.3012211830166744,0.3000963600285734
1840.0,0.10130084471732717,0.2976607998348644,0.30107591636261777,0.2999624390851912
1850.0,0.1017080382597882,0.2975295972178813,0.30094058252660827,0.2998217819957228
1860.0,0.10211412158371852,0.29739774110013856,0.30080887322296307,0.29967926409318024
1870.0,0.10251908503179398,0.2972672976468358,0.300671700141421,0.29954191717994955
1880.0,0.10292292999747725,0.29713877650552145,0.3005273233696511,0.29941097012735046
1890.0,0.10332566845063666,0.29701090453381057,0.30038241918071207,0.2992810078348409
1900.0,0.10372731127349749,0.2968823349718715,0.30024393475365707,0.2991464190009741
1910.0,0.10412785945758193,0.2967531943405106,0.30011154526107553,0.29900740094083217
1920.0,0.1045273074267267,0.29662479613661435,0.299978797380591,0.2988690990560682
1930.0,0.10492565348027028,0.2964980383463936,0.2998407464065204,0.2987355617668159
1940.0,0.10532290510929199,0.29637238423483014,0.2996991250322184,0.29860558562365974
1950.0,0.10571907378473269,0.29624649607878406,0.29955973328031915,0.2984746968561643
1960.0,0.10611416581561718,0.29611968618033624,0.29942572803534223,0.29834041996870453
1970.0,0.10650817947066171,0.29599254918853374,0.29929450907752086,0.29820476226328385
1980.0,0.10690111077484589,0.2958661885640069,0.2991611675111895,0.2980715331499578
1990.0,0.10729296084903088,0.29574101861891505,0.2990240453990235,0.2979419751330307
2000.0,0.10768373683673661,0.29561646334257163,0.29888616671684903,0.2978136331038429
2010.0,0.10807344627971624,0.2954917547695622,0.2987514517397047,0.2976833472110171
2020.0,0.10846209185284517,0.29536682816536136,0.29862037912640166,0.297550700855392
2030.0,0.10884967215386324,0.2952423260670571,0.29848984359599806,0.29741815818308176
2040.0,0.10923618700113288,0.29511880596980805,0.29835689985813274,0.2972881071709264
2050.0,0.10962164094292318,0.29499610470712867,0.2982219232984752,0.2971603310514731
2060.0,0.11000604127648986,0.29487354444004626,0.2980878357612678,0.2970325785221963
2070.0,0.11038939322938959,0.29475067970490654,0.29795666903527457,0.29690325803042944
2080.0,0.11077169775897129,0.29462773008767484,0.29782747027632994,0.2967731018770241
2090.0,0.11115295404485633,0.29450527015883304,0.2976976616150863,0.29664411418122444
2100.0,0.11153316350138094,0.2943835898623504,0.2975660054840879,0.29651724115218087
2110.0,0.11191233086854077,0.29426244462379353,0.2974337918358981,0.2963914326717678
2120.0,0.11229046160320723,0.294141410347188,0.2973031651875962,0.2962649628620087
2130.0,0.1126675588484353,0.29402038443106043,0.297174710047728,0.2961373466727765
2140.0,0.1130436233355602,0.2938996688320223,0.2970469897958249,0.2960097180365928
2150.0,0.11341865599,0.2937795918330603,0.29691831780551553,0.2958834343714244
2160.0,0.11379266009764451,0.2936601313676318,0.2967886046148664,0.2957586039198575
2170.0,0.1141656406910524,0.29354095361905186,0.29665927684682214,0.29563412884307383
2180.0,0.11453760207765772,0.2934217867728113,0.29653156807097114,0.29550904307856
2190.0,0.11490854635355562,0.29330269474343945,0.29640520778455165,0.29538355111845344
2200.0,0.11527847438942765,0.2931839688059192,0.296278880122511,0.29525867668214234
2210.0,0.11564738796172219,0.29306579564172774,0.29615176004609595,0.29513505635045434
2220.0,0.11601529063165236,0.2929480809869015,0.29602435005327443,0.2950122783281718
2230.0,0.11638218659316309,0.2928305974581906,0.2958977893590848,0.29488942658956163
2240.0,0.11674807898817842,0.2927132562245414,0.29577255113461337,0.29476611365266686
2250.0,0.1171129695847678,0.2925961922397229,0.2956480031824369,0.2946428349930724
2260.0,0.1174768600140784,0.29247959099726956,0.2955232107186374,0.2945203382700147
2270.0,0.11783975304536638,0.29236347382103134,0.2953979780562898,0.2943987950773125
2280.0,0.1182016524939304,0.29224768148098873,0.2952729766686248,0.29427768935645615
2290.0,0.11856256199149519,0.29213205515014296,0.2951489235154845,0.29415645934287754
2300.0,0.11892248405459865,0.2920166005577075,0.29502580077721424,0.29403511461047976
2310.0,0.11928142041889625,0.29190146116685156,0.2949029560001165,0.2939141624141358
2320.0,0.11963937314170442,0.2917867504440388,0.29477987623900104,0.29379400017525586
2330.0,0.11999634521032462,0.2916724382344669,0.29465672623618416,0.2936744903190244
2340.0,0.12035234006826218,0.2915584059297298,0.2945340941511227,0.29355515985088537
2350.0,0.12070736070719226,0.29144458952635793,0.29441230879680974,0.29343574096964015
2360.0,0.12106140935871078,0.2913310453170011,0.2942911104775197,0.29331643484676845
2370.0,0.12141448805954934,0.2912178743800824,0.29416999617260015,0.29319764138776816
2380.0,0.12176659937227709,0.29110510441103504,0.29404878789907263,0.2930795083176153
2390.0,0.12211774645925558,0.2909926620888575,0.2939277881112101,0.29296180334067684
2400.0,0.12246793248903792,0.2908804576988456,0.2938073988430184,0.29284421096909824
2410.0,0.12281716008198813,0.29076847957683805,0.29368767546459507,0.29272668487657894
2420.0,0.12316543138619926,0.29065679600358574,0.2935683046820836,0.29260946792813153
2430.0,0.12351274863173123,0.2905454730071312,0.293448982557282,0.2924927958038557
2440.0,0.12385911451931055,0.2904345051860023,0.29332974147958074,0.29237663881510656
2450.0,0.1242045320465714,0.2903238321449618,0.29321087689941316,0.2922607589090538
2460.0,0.1245490040304734,0.2902134120524305,0.29309259789898007,0.29214498601811617
2470.0,0.12489253287910912,0.29010326578639795,0.2929748093307737,0.2920293920037194
2480.0,0.12523512083508653,0.28999344663285903,0.29285724749866127,0.2919141850333933
2490.0,0.12557677037109785,0.28988397697906837,0.29273978236639314,0.2917994702834408
2500.0,0.12591748429045552,0.2897748244399356,0.29262254227884105,0.291685148990768
2510.0,0.1262572654510059,0.2896659396874489,0.2925057457517264,0.29157104910981885
2520.0,0.12659611644792285,0.28955730899898463,0.2923894544563945,0.2914571200966981
2530.0,0.12693403960068497,0.28944896354419297,0.2922735230568325,0.2913434737982896
2540.0,0.12727103722447336,0.28934094027666196,0.2921577782061966,0.2912302442926682
2550.0,0.12760711186423615,0.2892332416985245,0.2920422083331286,0.29111743810411084
2560.0,0.12794226624477623,0.28912583779612716,0.2919269571710765,0.2910049387880202
2570.0,0.12827650302695584,0.28901870269310753,0.2918121504883267,0.29089264379161006
2580.0,0.12860982465574894,0.2889118423740861,0.291697760680051,0.29078057229011406
2590.0,0.1289422334574202,0.28880528397470406,0.2915836528746177,0.29066882969325814
2600.0,0.12927373185001637,0.2886990428538713,0.2914697410519718,0.2905574842441405
2610.0,0.12960432242844247,0.28859310527913923,0.29135607542335,0.2904464968690683
2620.0,0.12993400783965112,0.2884874446298397,0.2912427716470961,0.2903357758834131
2630.0,0.13026279060691576,0.288382049854523,0.2911298776266863,0.290225281911875
2640.0,0.1305906730965613,0.28827693439117186,0.2910173284209889,0.29011506409127796
2650.0,0.13091765764720942,0.2881721181706729,0.2909050280827319,0.2900051960993858
2660.0,0.13124374670471192,0.28806760504536205,0.2907929559047376,0.2898956923451884
2670.0,0.1315689428180443,0.28796338030314833,0.2906811796874275,0.2897864971913799
2680.0,0.13189324851724624,0.2878594285514723,0.2905697716395883,0.28967755129169315
2690.0,0.13221666622020695,0.28775575008503135,0.29045872901348285,0.28956885468127885
2700.0,0.13253919826541433,0.28765235826301006,0.2903479839410719,0.2894604595305037
2710.0,0.13286084702295414,0.2875492625535736,0.2902374832769316,0.28935240714654065
2720.0,0.13318161495324965,0.28744645739445135,0.29012724380298,0.289244683849319
2730.0,0.1335015045541935,0.28734392852867946,0.29001732536672253,0.28913724155040443
2740.0,0.1338205182654293,0.28724166817176705,0.28990776018301256,0.28903005337979104
2750.0,0.13413865843840764,0.28713968156278374,0.28979852053176897,0.2889231394670395
2760.0,0.13445592739534123,0.28703797912702134,0.28968955404937324,0.288816539428264
2770.0,0.13477232750556625,0.2869365640084562,0.2895808422806772,0.2887102662053002
2780.0,0.1350878611956895,0.28683542883011537,0.2894724168258359,0.2886042931483591
2790.0,0.13540253088722634,0.2867345646053051,0.28936431768262916,0.2884985868248392
2800.0,0.13571633894329033,0.28663396986431194,0.28925654920746274,0.28839314198493476
2810.0,0.1360292876750262,0.28653365101778716,0.2891490769854539,0.2882879843217326
2820.0,0.13634137940141777,0.2864336134208167,0.28904186963907297,0.28818313753869235
2830.0,0.13665261648505553,0.28633385481162676,0.288934931029269,0.2880785976740485
2840.0,0.13696300131161088,0.2862343674693558,0.2888282916287026,0.28797433959033053
2850.0,0.1372725362384987,0.2861351461293759,0.28872197184137993,0.2878703457907452
2860.0,0.13758122357162536,0.2860361926239827,0.2886159593958736,0.28776662440851813
2870.0,0.1378890655944217,0.2859375121216158,0.2885102262034554,0.2876631960805069
2880.0,0.13819606460847444,0.28583910665145257,0.2884047586799353,0.2875600700601375
2890.0,0.13850222294552206,0.28574097231698914,0.28829957140137125,0.2874572333361174
2900.0,0.13880754293548275,0.2856431037951876,0.28819468616311544,0.28735466710621405
2910.0,0.13911202687617347,0.28554549937960283,0.28809010777743926,0.28725236596678433
2920.0,0.1394156770318329,0.2854481620010274,0.2879858184415408,0.28715034252559873
2930.0,0.13971849566520567,0.28535109447751883,0.287881799883349,0.28704860997392645
2940.0,0.14002048505845213,0.2852542958281134,0.28777805127021927,0.2869471678432151
2950.0,0.1403216475072344,0.2851577615413128,0.2876745888294819,0.286846002121971
2960.0,0.14062198529049436,0.2850614882285801,0.2875714242467447,0.2867451022341808
2970.0,0.1409215006571666,0.28496547615685996,0.28746855243369096,0.28664447075228244
2980.0,0.14122019583799972,0.2848697279325184,0.28736595718817176,0.28654411904131005
2990.0,0.14151807307049633,0.28477424451834826,0.2872636298894719,0.2864440525216835
3000.0,0.1418151346058313,0.2846790237315895,0.2871615768292641,0.2863442648333151
3010.0,0.14211138269407803,0.2845840621776869,0.28705981034423494,0.2862447447840001
3020.0,0.14240681956516052,0.2844893584251674,0.2869583336099676,0.2861454883997044
3030.0,0.14270144742723667,0.28439491364055214,0.28685713723730144,0.2860465016949097
3040.0,0.14299526848329783,0.2843007292278946,0.28675621016484065,0.2859477921239668
3050.0,0.14328828494417598,0.2842068045508223,0.28665555068249243,0.2858493598225092
3060.0,0.14358049902686104,0.28411313684676837,0.28655516728683994,0.28575119683953054
3070.0,0.1438719129375241,0.28401972381002283,0.28645506671227006,0.28565329654018295
3080.0,0.1441625288631185,0.28392656511283443,0.2863552466460058,0.2855556593780412
3090.0,0.14445234897678108,0.2838336619103617,0.2862556977161849,0.2854582913966722
3100.0,0.1447413754513876,0.28374101470426893,0.28615641351203974,0.2853611963323036
3110.0,0.14502961046704216,0.2836486219158652,0.28605739747089864,0.285264370146194
3120.0,0.14531705620060145,0.2835564813164654,0.2859586562977327,0.28516780618520043
3130.0,0.1456037148155513,0.2834645916529353,0.2858601922296805,0.2850715013018329
3140.0,0.14588958846001726,0.2833729532558464,0.28576199987027673,0.2849754584138597
3150.0,0.14617467927497255,0.283281566870027,0.2856640715746111,0.28487968228038946
3160.0,0.14645898940492513,0.28319043186576814,0.2855664060111462,0.28478417271816053
3170.0,0.1467425209957564,0.2830995463697375,0.2854690077968942,0.28468892483761193
3180.0,0.1470252761854039,0.2830089086207651,0.2853718812817322,0.2845939339120988
3190.0,0.147307257097753,0.28291851811111823,0.28527502503264157,0.2844991997584872
3200.0,0.1475884658449828,0.2828283754039108,0.28517843252622904,0.28440472622487734
3210.0,0.14786890453771312,0.2827384805387467,0.2850820996272933,0.28431051529624685
3220.0,0.1481485752887709,0.28264883233007226,0.28498602797426026,0.2842165644068965
3230.0,0.14842748020728794,0.2825594291047336,0.28489022166164885,0.2841228690263296
3240.0,0.14870562139215213,0.28247026976362155,0.28479468219061876,0.28402942665360753
3250.0,0.14898300093004607,0.2823813542885051,0.28469940588188,0.2839362388995688
3260.0,0.14925962090067932,0.28229268300359484,0.28460438726530557,0.2838433088304202
3270.0,0.1495354833841835,0.2822042553377112,0.2845096249960685,0.2837506362820368
3280.0,0.14981059046062883,0.2821160697789219,0.28441512220753373,0.28365821755291554
3290.0,0.15008494420265453,0.28202812494539636,0.2843208815888051,0.283566049263144
3300.0,0.1503585466716268,0.2819404202853681,0.2842269020169983,0.28347413102600677
3310.0,0.1506313999195693,0.28185295594155596,0.2841331790374582,0.28338246510141657
3320.0,0.15090350599486566,0.2817657318628954,0.28403970903229814,0.28329105310994085
3330.0,0.1511748669463178,0.28167874704477186,0.2839464928990739,0.2831998931098364
3340.0,0.15144548481944398,0.2815920000219616,0.2838535338084375,0.28310898135015694
3350.0,0.1517153616505679,0.2815054898208411,0.28376083269143076,0.2830183158371602
3360.0,0.1519844994651953,0.2814192162738257,0.2836683866953361,0.28292789756564296
3370.0,0.15225290028257701,0.28133317946001,0.28357619166491366,0.2828377285924993
3380.0,0.15252056612009737,0.2812473789893134,0.2834842455378635,0.28274780935272575
3390.0,0.15278749899501742,0.2811618135400676,0.28339255071989145,0.28265813674502355
3400.0,0.15305370091897613,0.281076481678384,0.2833011102872165,0.2825687071154234
3410.0,0.15331917389232838,0.2809913828566646,0.2832099231948288,0.2824795200561782
3420.0,0.15358391990576983,0.28090651726699006,0.28311898486748793,0.2823905779597522
3430.0,0.15384794094734314,0.28082188474811765,0.28302829232885074,0.2823018819756885
3440.0,0.15411123900473744,0.2807374843924344,0.28293784608085215,0.282213430521976
3450.0,0.1543738160625261,0.2806533148062202,0.28284764904208387,0.2821252200891699
3460.0,0.15463567409661375,0.2805693750006536,0.28275770233647946,0.28203724856625323
3470.0,0.1548968150726343,0.28048566479192116,0.2826680032651549,0.28194951687028963
3480.0,0.15515724094943417,0.2804021843339539,0.28257854742556815,0.28186202729104387
3490.0,0.15541695368497305,0.28031893313251355,0.2824893334101455,0.281774779772368
3500.0,0.15567595523658292,0.2802359098996831,0.28240036359954385,0.28168777126419015
3510.0,0.15593424755515176,0.2801531134270217,0.28231164010384197,0.28160099891398466
3520.0,0.15619183258192626,0.2800705431277582,0.2822231621814428,0.28151446210887277
3530.0,0.15644871224903414,0.2799881990827794,0.2821349259011647,0.28142816276702176
3540.0,0.15670488848538927,0.279906081165093,0.2820469282097509,0.28134210213976674
3550.0,0.15696036321948573,0.2798241884984515,0.2819591695777342,0.28125627870432857
3560.0,0.1572151383765903,0.2797425197809212,0.2818716525912935,0.28117068925119504
3570.0,0.15746921587411222,0.2796610740305581,0.2817843784276168,0.2810853316677129
3580.0,0.15772259761931756,0.27957985107085825,0.2816973444484777,0.2810002068613465
3590.0,0.15797528551308293,0.2794988510060774,0.281610546604811,0.2809153168760287
3600.0,0.15822728145508771,0.2794180733582073,0.2815239835443605,0.2808306616423446
3610.0,0.15847858734436412,0.2793375169199432,0.28143765736588133,0.28074623836981144
3620.0,0.15872920507375246,0.27925718052627246,0.28135157009358974,0.28066204430638547
3630.0,0.1589791365266456,0.2791770636269086,0.2812657209303726,0.28057807891607334
3640.0,0.1592283835784972,0.2790971661970829,0.2811801065352593,0.2804943436891607
3650.0,0.15947694810043764,0.2790174881911891,0.2810947235742044,0.2804108401341689
3660.0,0.15972483196344517,0.27893802877616475,0.2810095724336791,0.28032756682671106
3670.0,0.15997203703608423,0.2788587866110221,0.2809246559818936,0.2802445203710001
3680.0,0.16021856517850266,0.278779760809182,0.280839975025186,0.2801616989871294
3690.0,0.160464418241081,0.27870095121832134,0.2807555269272351,0.2800791036133625
3700.0,0.1607095980686478,0.27862235786383244,0.28067130812392327,0.27999673594359653
3710.0,0.16095410650451905,0.27854398028906735,0.2805873172525039,0.2799145959539098
3720.0,0.16119794539078527,0.27846581739159776,0.28050355604037397,0.27983268117724297
3730.0,0.16144111656422233,0.27838786800881204,0.28042002661082305,0.2797509888161426
3740.0,0.16168362185252969,0.278310131573408,0.2803367283406839,0.27966951823337843
3750.0,0.16192546307511696,0.2782326081145398,0.28025365773577454,0.2795882710745687
3760.0,0.16216664204771358,0.2781552975496971,0.28017081174683245,0.27950724865575693
3770.0,0.16240716058572008,0.2780781990663166,0.28008819076852154,0.27942644957944185
3780.0,0.1626470205019558,0.27800131140171586,0.28000579739714854,0.2793458706991799
3790.0,0.16288622360141233,0.2779246336985436,0.27992363237895496,0.27926551032108926
3800.0,0.16312477168002396,0.27784816569531734,0.2798416937186074,0.2791853689060514
3810.0,0.1633626665273912,0.2777719074755591,0.2797599776868721,0.2791054483101777
3820.0,0.16359990993119503,0.27769585874928404,0.2796784822259647,0.2790257490935564
3830.0,0.16383650367929595,0.27762001838359346,0.27959720929529536,0.2789462686418154
3840.0,0.16407244955475128,0.277544385108222,0.2795161616326181,0.2788670037044087
3850.0,0.16430774933101977,0.27746895834779034,0.27943533876594,0.2787879535552499
3860.0,0.16454240477270796,0.27739373824086944,0.2793547367930586,0.2787091201933641
3870.0,0.16477641764112996,0.2773187247849454,0.27927435238570275,0.278630505188222
3880.0,0.1650097896980047,0.27724391716755287,0.2791941860225721,0.27855210711187045
3890.0,0.16524252270283007,0.2771693140874657,0.27911424057013173,0.27847392263957266
3900.0,0.16547461840712632,0.27709491465459074,0.2790345170575011,0.278395949880782
3910.0,0.16570607855293107,0.27702071871356043,0.27895501307141607,0.27831818966209265
3920.0,0.16593690487679297,0.27694672633171413,0.2788757250524868,0.27824064373900625
3930.0,0.1661670991134534,0.2768729372006995,0.2787966511304608,0.2781633125553864
3940.0,0.1663966629973724,0.2767993502505203,0.27871779308396405,0.27808619366814336
3950.0,0.16662559825872697,0.2767259642337354,0.27863915363963215,0.2780092838679056
3960.0,0.16685390661826757,0.27665277861558696,0.27856073220851085,0.2779325825576347
3970.0,0.16708158978805537,0.2765797935452404,0.2784825249385642,0.27785609172814013
3980.0,0.16730864947765892,0.27650700889411134,0.27840452922622655,0.2777798124020033
3990.0,0.1675350873956976,0.2764344240219995,0.2783267448101418,0.2777037437721612
4000.0,0.16776090524939483,0.2763620376747912,0.2782491744221163,0.2776278826536978
4010.0,0.1679861047389898,0.2762898488567379,0.2781718196935161,0.2775522267107563
4020.0,0.168210687554837,0.2762178573914803,0.27809467841591384,0.277476776637769
4030.0,0.16843465538100008,0.2761460634887027,0.2780177464520888,0.2774015346782085
4040.0,0.16865800990054056,0.27607446687643505,0.277941021853745,0.2773265013692795
4050.0,0.16888075279685108,0.2760030664497039,0.27786450665431395,0.27725167409913115
4060.0,0.16910288574900792,0.27593186095222966,0.2777882037131671,0.27717704958559547
4070.0,0.16932441042666094,0.2758608498511218,0.2777121125345701,0.2771026271876472
4080.0,0.16954532849070547,0.2757900333217352,0.27763622925249415,0.2770284089350653
4090.0,0.16976564159953653,0.27571941132526284,0.2775605509105508,0.2769543961646499
4100.0,0.1699853514116605,0.2756489831315283,0.2774850777733118,0.2768805876834995
4110.0,0.17020445958311808,0.2755787475866131,0.2774098122038218,0.27680698062644704
4120.0,0.17042296776367594,0.27550870371015257,0.277334755858277,0.27673357266789456
4130.0,0.17064087759367724,0.275438851322451,0.2772599066094754,0.2766603644743965
4140.0,0.1708581907069888,0.27536919065212057,0.27718526032459995,0.2765873583162909
4150.0,0.17107490873692494,0.2752997213639048,0.277110815478435,0.2765145544207354
4160.0,0.1712910333170347,0.27523044237218436,0.2770365740939324,0.2764419502168487
4170.0,0.17150656607571854,0.2751613525937793,0.2769625382951293,0.276369543035373
4180.0,0.17172150863306498,0.27509245148767425,0.2768887077298853,0.2762973321493756
4190.0,0.1719358626014764,0.27502373909674654,0.2768150792381704,0.2762253190636068
4200.0,0.17214962958964786,0.2749552154587191,0.27674164958862396,0.27615350536300914
4210.0,0.1723628112064865,0.27488687990208294,0.2766684188769631,0.2760818900144675
4220.0,0.1725754090593099,0.27481873122745487,0.2765953897748601,0.2760104699383752
4230.0,0.1727874247486034,0.27475076853900987,0.27652256361459715,0.27593924309778967
4240.0,0.1729988598657823,0.2746829916919502,0.2764499381932812,0.2758682102489864
4250.0,0.17320971599666665,0.2746154008197631,0.2763775099256494,0.2757973732579209
4260.0,0.173419994725793,0.27454799562566545,0.2763052772079529,0.27572673244058876
4270.0,0.1736296976376523,0.2744807751625833,0.2762332414793991,0.27565628572036543
4280.0,0.17383882631277797,0.27441373830487353,0.27616140514545046,0.2755860302368981
4290.0,0.1740473823239358,0.27434688437729976,0.27608976859302947,0.275515964705735
4300.0,0.17425536723490329,0.274280213524188,0.276018328282574,0.2754460909583348
4310.0,0.17446278260583747,0.2742137259081366,0.2759470804766634,0.27537641100936255
4320.0,0.17466962999791993,0.2741474208767765,0.2758760252605068,0.27530692386479677
4330.0,0.17487591097148336,0.27408129714960544,0.27580516577072206,0.2752376261081892
4340.0,0.17508162707977337,0.27401535380436454,0.2757345035528072,0.27516851556305494
4350.0,0.1752867798665686,0.2739495907360997,0.27566403632142006,0.2750995930759117
4360.0,0.175491370870091,0.2738840081468438,0.27559376025948956,0.27503086072357563
4370.0,0.1756954016278665,0.2738186057718906,0.27552367366806363,0.27496231893217926
4380.0,0.17589887367756069,0.2737533826330685,0.27545377824087713,0.27489396544849376
4390.0,0.17610178855286726,0.2736883376050992,0.2753840764811976,0.2748257973608359
4400.0,0.17630414777940132,0.27362347011540483,0.2753145683596661,0.2747578137455277
4410.0,0.17650595287468837,0.2735587802798095,0.2752452505469179,0.27469001629858425
4420.0,0.1767072053528357,0.2734942681975748,0.2751761197016596,0.27462240674792987
4430.0,0.17690790672857556,0.2734299332314314,0.2751071759405213,0.2745549840994717
4440.0,0.1771080585154987,0.27336577420265457,0.27503842200328,0.27448774527856673
4450.0,0.17730766222043043,0.27330179029531637,0.2749698589824682,0.2744206885017851
4460.0,0.17750671934241563,0.2732379811893221,0.2749014857257945,0.27435381374246776
4470.0,0.17770523137345876,0.27317434715613037,0.2748332981798831,0.27428712329052773
4480.0,0.17790319980454314,0.27311088809113687,0.27476529396349875,0.27422061814082116
4490.0,0.17810062612789102,0.2730476030182641,0.27469747483556267,0.2741542960182822
4500.0,0.17829751183254847,0.27298449069518693,0.27462984393795276,0.27408815353431176
4510.0,0.17849385839893991,0.2729215505373326,0.27456240138546645,0.274022189678261
4520.0,0.17868966729881294,0.27285878275649683,0.27449514348878057,0.2739564064559096
4530.0,0.17888494000096783,0.27279618749540663,0.2744280667911634,0.2738908057124621
4540.0,0.17907967797518926,0.27273376414564326,0.2743611713403584,0.27382538653880895
4550.0,0.17927388269050068,0.27267151151362123,0.2742944600156547,0.27376014578022334
4560.0,0.1794675556093236,0.2726094287066722,0.2742279343942404,0.27369508128976366
4570.0,0.17966069818534258,0.27254751556931645,0.27416159260285045,0.27363019364249047
4580.0,0.17985331186667042,0.2724857723036975,0.27409543098892025,0.2735654848407118
4590.0,0.18004539810023118,0.2724241987608411,0.27402944747437225,0.2735009556645554
4600.0,0.18023695833363892,0.27236279401899416,0.27396364366360143,0.27343660398376546
4610.0,0.1804279940114342,0.2723015569209949,0.2738980223712726,0.27337242669629824
4620.0,0.18061850657002934,0.27224048692733915,0.2738325835552114,0.27330842294742
4630.0,0.1808084974375746,0.27217958420779464,0.27376732381836466,0.2732445945362661
4640.0,0.1809979680397557,0.2721188488107153,0.2737022402375569,0.27318094291197204
4650.0,0.18118691980257626,0.27205828017378136,0.2736373327168449,0.2731174673067974
4660.0,0.18137535415055073,0.27199787726671293,0.27357260345594037,0.2730541651267959
4670.0,0.18156327250320448,0.27193763913014735,0.27350805442919457,0.27299103393745355
4680.0,0.18175067627130986,0.271877565585111,0.2734436839354488,0.27292807420813026
4690.0,0.18193756685943202,0.27181765690990034,0.27337948804401024,0.27286528818665734
4700.0,0.1821239456717505,0.2717579129014492,0.27331546503278714,0.2728026763940132
