time_fs,PYR2,PYR3,PYR4,PYR5
0.0,0.0,0.0,0.0,1.0
10.0,5.791464552527184e-07,0.003955556189954812,0.2250865804086752,0.7709572842549145
20.0,3.304705363678978e-05,0.053588674723109055,0.6414712407544173,0.3049070374688368
30.0,0.00031167906220987325,0.20501820297155632,0.7742229754638751,0.020447142502358788
40.0,0.0013444711243316841,0.4326843809345228,0.47575822451521194,0.09021292342593369
50.0,0.0036447267856944826,0.6131455167479642,0.08940366745514415,0.2938060890111973
60.0,0.00715245398182684,0.6247629451328519,0.05329091991590228,0.31479368096941923
70.0,0.010983878634372288,0.4613809299408363,0.40164431333439965,0.12599087809039203
80.0,0.013937846561433655,0.2377361277459243,0.7315159845253741,0.016810041167268034
90.0,0.015394106551979878,0.08127313131542405,0.666820587137693,0.2365121749949033
100.0,0.015719305986024577,0.027065187040088298,0.28571504792033553,0.6715004590535517
110.0,0.01572032245751248,0.022899845670146572,0.025756665017182833,0.9356231668551586
120.0,0.015680797753605556,0.024079250522194128,0.18131523267749505,0.7789247190467058
130.0,0.015011564406840048,0.058706140484263244,0.5701581936722849,0.35612410143661216
140.0,0.012942532681338466,0.18527863026707259,0.7465723955180794,0.055206441533509926
150.0,0.009572772620225144,0.3951805294276351,0.5118711754444961,0.0833755225076438
160.0,0.006159890022253611,0.5811506016833016,0.13766252182881036,0.2750269864656349
170.0,0.004265652038364623,0.6198837784488438,0.051113545885080984,0.32473702362771106
180.0,0.004532838665902732,0.4860272567618491,0.3467912777616913,0.16264862681055728
190.0,0.006243890329915902,0.27564761649560177,0.682855454163429,0.03525303901105381
200.0,0.008029231192513782,0.1146374943215913,0.6754219483250873,0.20191132616080798
210.0,0.00898693928160149,0.0513613410723617,0.3364493408535911,0.6032023787924461
220.0,0.009174943261022136,0.0443129080747504,0.05600950330091285,0.8905026453633149
230.0,0.00917329316409106,0.04462748830182389,0.15402537454811552,0.7921738439859698
240.0,0.009339621438539239,0.06800914852322285,0.5164445175765167,0.4062067124617214
250.0,0.009541264791880676,0.16974548984076776,0.7291660624728182,0.0915471828945338
260.0,0.00949243320284493,0.3548384110366314,0.5520866379331696,0.08358251782735475
270.0,0.009165994545761339,0.5348224653268443,0.19029908366751888,0.26571245645987607
280.0,0.008791574977445022,0.5917208256285366,0.056155935390643355,0.3433316640033756
290.0,0.008533801675327718,0.48662245165783746,0.2983972087381924,0.20644653792864293
300.0,0.00831723328080267,0.29653658329801336,0.6363406825104223,0.058805500910762115
310.0,0.008009896128789612,0.14013267532425758,0.6840992316005304,0.1677581969464231
320.0,0.007672180986275098,0.07342219035800776,0.3904805382911812,0.5284250903645368
330.0,0.00748769253747661,0.06472518459247363,0.09310098709098318,0.8346861357790675
340.0,0.0074384047784030755,0.06475533318704786,0.12982553483482434,0.7979807271997258
350.0,0.0071931644213825115,0.08079995554329207,0.4546331050901237,0.4573737749452028
360.0,0.006485685259396833,0.16507536605223672,0.6945830708738108,0.13385587781455682
370.0,0.005635631841689137,0.3324704926604574,0.5777215648266973,0.0841723106711574
380.0,0.005560204861683124,0.5092074207235808,0.24085152577680327,0.24438084863793416
390.0,0.007079635079198295,0.5814781382062495,0.06873987541370515,0.34270235130084825
400.0,0.010106307755096,0.4989220655335506,0.25348790317991365,0.23748372353144098
410.0,0.013544887172109162,0.32267228675669457,0.5787128498510118,0.08506997622018582
420.0,0.016084107337923242,0.16627428945811845,0.6712090608124278,0.14643254239153186
430.0,0.017165027059411083,0.0939029968742369,0.42790303910184657,0.4610289369645069
440.0,0.017216773948778102,0.083220452434269,0.1299988463480509,0.7695639272689035
450.0,0.016987835383747096,0.08342346383996412,0.1181007008713942,0.7814879999048963
460.0,0.016704993299016237,0.09177320273860891,0.4033540598515922,0.4881677441107841
470.0,0.015919951318677336,0.15599370445411542,0.6581538277791558,0.16993251644805285
480.0,0.014144292793276137,0.30104680927717153,0.5927821302459219,0.09202676768363167
490.0,0.011551381416589422,0.4703120060755158,0.28488294203262077,0.2332536704752752
500.0,0.008996304498466858,0.5574079215396792,0.08718123588178446,0.34641453808007056
510.0,0.0073520081106212155,0.501659544657663,0.22309286647198204,0.2678955807597346
520.0,0.00685144878455897,0.34580177511136906,0.5339165915507936,0.11343018455327918
530.0,0.007051712079614223,0.19391215533637865,0.663669069334277,0.1353670632497307
540.0,0.007350388054037093,0.11605075403486682,0.4664138928031471,0.4101849651079497
550.0,0.007468367153035995,0.10120222674163146,0.1701199652843974,0.7212094408209357
560.0,0.0074795699173666064,0.10136350138014813,0.1132601536302134,0.7778967750722726
570.0,0.00753348094846019,0.10602451524543546,0.3585020845551802,0.5279399192509251
580.0,0.00769735530809284,0.15604268032913118,0.6242834900125878,0.21197647435018924
590.0,0.008068224926552977,0.2813791130468583,0.6085651288384017,0.1019875331881879
600.0,0.008882912003182076,0.4394680173846456,0.3322155243752371,0.21943354623693606
610.0,0.010342803580949548,0.5331582020615718,0.11144446667316975,0.3450545276843098
620.0,0.012282349214457006,0.4966375878924284,0.1950172737285088,0.29606278916460665
630.0,0.01410797040515678,0.35842086923727234,0.4826467755769737,0.14482438478059811
640.0,0.015196267258267941,0.21324828844467855,0.643634434124365,0.12792101017268953
650.0,0.015401774305192281,0.13393793850656857,0.4958834025942846,0.3547768845939557
660.0,0.015127382629475456,0.11770101196111753,0.2110817397626496,0.6560898656467585
670.0,0.014843405657934829,0.11867223049515639,0.11488828984667185,0.751596074000238
680.0,0.014558628965477806,0.11997213326604808,0.314422790795304,0.5510464469731711
690.0,0.013842684901732233,0.15702817606907432,0.5789616840848496,0.2501674549443448
700.0,0.012417920231157988,0.264943613048461,0.6065049676635645,0.11613349905681752
710.0,0.01069125534318452,0.41439024996576723,0.368251402980175,0.2066670917108743
720.0,0.009605739191391748,0.5166396303010715,0.13806941901962289,0.3356852114879148
730.0,0.009883835776385165,0.5002522500063549,0.17719403118613136,0.31266988303112947
740.0,0.011384648386648669,0.37905728542970335,0.4370916185602913,0.1724664476233576
750.0,0.013207700538280947,0.23813119646067651,0.6184797743108073,0.1301813286902361
760.0,0.014435582255770364,0.15363072920512696,0.5151570248425508,0.3167766636965526
770.0,0.014794660670033674,0.1327965793651948,0.24790878388310505,0.6044999760816672
780.0,0.014651575983451293,0.1337525717941268,0.12338170106496534,0.7282141511574575
790.0,0.014466501342504495,0.13321385400358557,0.28274671229297405,0.5695729323609366
800.0,0.014329270262810808,0.15868171007102697,0.5424650709282168,0.2845239487379461
810.0,0.014013982844464574,0.24740060704063735,0.6063942482252854,0.132191161889613
820.0,0.013378359682804354,0.3827626159288977,0.4038624993736317,0.19999652501466675
830.0,0.012598676598733058,0.4874637434614192,0.16766150012834086,0.3322760798115075
840.0,0.01199494538679998,0.48866469584870703,0.1660631460060361,0.3332772127584575
850.0,0.011700246400640584,0.38728346415869835,0.39750312421457357,0.20351316522608828
860.0,0.011575157224572965,0.25650900539664107,0.5955701334917228,0.13634570388706402
870.0,0.011432629201233925,0.17174919686521462,0.535063077262075,0.28175509667147736
880.0,0.011260384306877248,0.14805880576296565,0.287590875852887,0.5530899340772711
890.0,0.011165400681296827,0.1489125448824645,0.13664842231946137,0.7032736321167781
900.0,0.011149737769854983,0.1477078722244454,0.25273382053636223,0.5884085694693381
910.0,0.01106324373469154,0.16545696872069418,0.5007664026863051,0.32271338485830997
920.0,0.010855799135500704,0.2398209289974095,0.5972190232016464,0.1521042486654441
930.0,0.01083145432425062,0.3636884881192398,0.4341244851943876,0.19135557236212286
940.0,0.011520011669593246,0.4694117996154896,0.19956196575660876,0.31950622295830927
950.0,0.013185475682789632,0.483786934846375,0.16013963866030467,0.34288795081053147
960.0,0.01544863168556334,0.39743263396692174,0.35698821672247893,0.2301305176250369
970.0,0.017464623441170113,0.2736369639842228,0.5620450799308178,0.14685333264379022
980.0,0.018549969802333265,0.1873883236394078,0.5410871311797101,0.2529745753785497
990.0,0.01867004688122966,0.16084555278406826,0.32045052585373257,0.5000338744809704
1000.0,0.01831793531012395,0.16211084440277343,0.15387153002709394,0.6656996902600095
1010.0,0.01793465129434203,0.16078770541398324,0.2307913763994353,0.59048626689224
1020.0,0.017484584816033325,0.17087377258810107,0.4612291360310267,0.3504125065648394
1030.0,0.016613060068540308,0.22998162256606677,0.5812605813264722,0.1721447360389213
1040.0,0.015181454660727898,0.3407761147371077,0.4553849505288082,0.18865748007335678
1050.0,0.013580236585320643,0.4465559419456069,0.22935630840037596,0.3105075130686971
1060.0,0.012474275879952423,0.4750878470436089,0.16118819202942827,0.351249685047011
1070.0,0.012244209627176006,0.40657450399241646,0.3262867208667329,0.25489456551367523
1080.0,0.012692193498978493,0.2925140742476049,0.5337238524664877,0.1610698797869294
1090.0,0.013277593549881724,0.2054034709597958,0.5465783668206927,0.23474056866963017
1100.0,0.013598831107439327,0.17435908737990122,0.3521783969761313,0.4598636845365285
1110.0,0.013637017055300881,0.1742535660301107,0.17412365915232286,0.6379857577622661
1120.0,0.013597353270896081,0.173288758998975,0.215241419688308,0.5978724680418214
1130.0,0.013622042022839873,0.17854481451154522,0.4269216172154436,0.38091152625017183
1140.0,0.013715623694050005,0.2249822091376169,0.5669866183195622,0.19431554884877156
1150.0,0.01389688042522542,0.3220724969772812,0.47709009924379,0.18694052335370395
1160.0,0.014298809080394288,0.4235992111862988,0.26171674830865843,0.30038523142464896
1170.0,0.015030909438347787,0.4609330841438048,0.16638298249476344,0.3576530239230844
1180.0,0.015960434649725953,0.40731651974721406,0.2970241784036925,0.279698867199368
1190.0,0.016719529771889174,0.3038367874251397,0.5014584945558221,0.1779851882471495
1200.0,0.016998084411623388,0.21900037502679293,0.5457093156099042,0.2182922249516801
1210.0,0.016824190058150567,0.186307857449206,0.3811024197775067,0.41576553271513733
1220.0,0.01650710342246674,0.18614271146277855,0.19730448372471904,0.6000457013900363
1230.0,0.01628539241356219,0.18603195021545596,0.20360595015038788,0.5940767072205946
1240.0,0.01607372245562421,0.1875189781840643,0.3905338860392242,0.40587341332108795
1250.0,0.015614966669210513,0.22331423758177366,0.543207630120523,0.2178631656284935
1260.0,0.014888992150708323,0.30884715434837545,0.48821342823162306,0.18805042526929372
1270.0,0.014310305872175995,0.407312670915267,0.290342349914135,0.2880346732984226
1280.0,0.014441355621649018,0.45333662614943804,0.17597774712342262,0.3562442711054911
1290.0,0.015468283487056686,0.41351007511325955,0.2735893710201287,0.29743227037955583
1300.0,0.016967909557919415,0.31884456229701236,0.46880673744522816,0.19538079069984077
1310.0,0.018219627659206112,0.23403348656007636,0.5376217825539175,0.21012510322680092
1320.0,0.01876740754709408,0.1974103687700343,0.4028146008705112,0.38100762281236134
1330.0,0.018696168776908443,0.19577327148320045,0.22025599070904966,0.5652745690308424
1340.0,0.018399646740962283,0.196631859933735,0.1987707000183118,0.5861977933069918
1350.0,0.018135351853245493,0.19544170158721452,0.36164077368477415,0.4247821728747667
1360.0,0.01783564057754954,0.22098148459986133,0.5219302184395748,0.23925265638301527
1370.0,0.017317922545987862,0.29328867696121896,0.49740084124479905,0.19199255924799508
1380.0,0.016598288935308167,0.38548298769478634,0.317808467791036,0.2801102555788704
1390.0,0.01593918311264475,0.43770390440277673,0.18877024200453893,0.35758667048004056
1400.0,0.015597755116851878,0.41196012607020327,0.25599842004818085,0.3164436987647648
1410.0,0.015580555626015295,0.32911346869920727,0.44033224734046716,0.214973728334311
1420.0,0.015675738758498925,0.24785357898511187,0.5304089840787956,0.2060616981775941
1430.0,0.01569748431350932,0.2091075400615993,0.4246203513278556,0.35057462429703634
1440.0,0.015647058668871137,0.20586788821161953,0.24543209489997797,0.5330529582195319
1450.0,0.0156280470951416,0.20742450036833388,0.1975070373255221,0.5794404152110029
1460.0,0.01566696898399196,0.20493745479360004,0.3339547307513976,0.44544084547101087
1470.0,0.01569637020567067,0.22309575489865657,0.4976204082203818,0.26358746667529137
1480.0,0.01573019823008456,0.2845218418802252,0.5021461994371357,0.197601760452555
1490.0,0.015985951401619937,0.37031302705354496,0.34410340058625966,0.2695976209585759
1500.0,0.0167362061601717,0.426040544336306,0.2046343051999974,0.35258894430352533
1510.0,0.01799377699366928,0.41085801790893656,0.2412879571280653,0.329860247969329
1520.0,0.019375353726084944,0.3373895148114303,0.4093044322699585,0.2339306991925264
1530.0,0.020342514145057652,0.2589663310994398,0.515199559867208,0.20549159488829477
1540.0,0.020619894776771105,0.21848079349468622,0.43882102133544426,0.32207829039309865
1550.0,0.020378816784992423,0.21426652573881816,0.2691900810795132,0.49616457639667655
1560.0,0.02000334018476582,0.2170888037680985,0.20061497105250511,0.562292884994631
1570.0,0.01969101139434797,0.21387903482317394,0.3101777715767906,0.45625218220568786
1580.0,0.01930998274407966,0.22512950515510943,0.4712524715262912,0.2843080405745201
1590.0,0.018649465446766503,0.2757491374647442,0.4999114385065172,0.2056899585819724
1600.0,0.017770782747273787,0.354844576390612,0.3649024616402586,0.26248217922185585
1610.0,0.017059391015637665,0.4140032526881366,0.22148411851523064,0.3474532377809953
1620.0,0.016906135037086163,0.41006908674110165,0.2326258078192497,0.3403989704025627
1630.0,0.01734654243059551,0.347131321275235,0.3834892361607299,0.25203290013343976
1640.0,0.01802787110580947,0.2720821617408714,0.5003998097440675,0.20949015740925192
1650.0,0.01852419750950996,0.2290120964631089,0.45038718899125896,0.30207651703612254
1660.0,0.01866964243260233,0.22215122810653012,0.2921438283758792,0.4670353010849887
1670.0,0.018597968519345098,0.22528882956814808,0.20712319554403807,0.5489900063684691
1680.0,0.01851325603543328,0.22212919035039894,0.29163119914742897,0.467726354466739
1690.0,0.01848276052550362,0.2282238025840473,0.4480522935280074,0.305241143362442
1700.0,0.018460751345940756,0.2687951641374151,0.497899543028495,0.21484454148814933
1710.0,0.01845187087091812,0.3396300155738126,0.38563309010424585,0.25628502345102366
1720.0,0.01856820907329491,0.39903577087442027,0.24040810907530968,0.3419879109769754
1730.0,0.01889344328910462,0.403754340513324,0.22714908946629425,0.3502031267312774
1740.0,0.019329139489398392,0.3510921452404624,0.3587303920303995,0.2708483232397399
1750.0,0.01963734139384014,0.2813324677944271,0.483269525269728,0.21576066554200482
1760.0,0.019659839316347627,0.23807478737102525,0.4588832524603414,0.2833821208522857
1770.0,0.01947041768952266,0.22996488176342098,0.3149285405083659,0.43563616003869043
1780.0,0.019278771797936477,0.23379653796245067,0.21652107075006843,0.5304036194895444
1790.0,0.019191726113440683,0.23112139155449735,0.275052906217758,0.4746339761143039
1800.0,0.0191133058783005,0.23333280090802236,0.4220800199921703,0.32547387322150695
1810.0,0.018912535552166945,0.2655980171868294,0.4892746571209872,0.22621479014001658
1820.0,0.018669934081338067,0.32931960658641174,0.4010396225307614,0.2509708368014888
1830.0,0.01869774703909691,0.38885770665177893,0.25934417960618966,0.3331003667029346
1840.0,0.019264707860502786,0.40108806956221243,0.2255805031616714,0.3540667194156135
1850.0,0.020293008967116798,0.3572109687373383,0.3362858858840864,0.28621013641145876
1860.0,0.021354790889015728,0.291320065676073,0.4631733282997905,0.22415181513512114
1870.0,0.02199737507735901,0.24658384885121157,0.46120630689978526,0.27021246917164454
1880.0,0.02208623682115453,0.23619199991102116,0.33395715594848735,0.40776460731933745
1890.0,0.02183930126568905,0.24032806064987797,0.22782959861407998,0.5100030394703535
1900.0,0.021549884334617395,0.23858874164560398,0.2636969106952215,0.47616446332455764
1910.0,0.021306932451998592,0.2376952394207497,0.3994670159003195,0.34153081222693277
1920.0,0.020991879117742234,0.2617608546647652,0.4796882140552397,0.23755905216225343
1930.0,0.020512030498602472,0.3172914801488883,0.4136644916807978,0.24853199767171194
1940.0,0.019981004602262813,0.3753800396642456,0.277946579233591,0.3266923764999012
1950.0,0.01964121153668429,0.3944378398642951,0.22740935008010899,0.35851159851891207
1960.0,0.01962601462701819,0.36035013313108705,0.3182312839320152,0.30179256830988005
1970.0,0.01983249320448318,0.3003548004204604,0.4451617564692175,0.23465094990583923
1980.0,0.02003704560373632,0.2556603289331396,0.4631402510075399,0.26116237445558454
1990.0,0.02011122735496853,0.24310685279302413,0.3528036795889314,0.38397824026307625
2000.0,0.020101057196385903,0.24687432314506283,0.2410936224310942,0.4919309972274575
2010.0,0.020112091688123456,0.24602277034253417,0.25517346665777524,0.47869167131156737
2020.0,0.020169876867147215,0.24329150856603043,0.37773585215500183,0.3588027624118208
2030.0,0.02023280616835038,0.26091213339441877,0.4682704406678775,0.2505846197693536
2040.0,0.020324638582019224,0.30892183451494587,0.42419820967587074,0.24655531722716445
2050.0,0.02058946490865722,0.36435766625081,0.297007576063313,0.31804529277722016
2060.0,0.021158650553107006,0.3878947372607608,0.23186929848477972,0.359077313701353
2070.0,0.021959105331820702,0.36162268501498823,0.3015041783471111,0.3149140313060803
2080.0,0.022695512721165743,0.30688331312731915,0.4244844418592788,0.24593673229223648
2090.0,0.023066934853536208,0.26270562398341557,0.45983478743544276,0.2543926537276056
2100.0,0.02301427616877518,0.24874294517761944,0.3681751533266577,0.3600676253269479
2110.0,0.02274268675408261,0.2526641290825511,0.25528617701021494,0.46930700715315155
2120.0,0.022495294084760645,0.25311642895860276,0.2499532381325846,0.47443503882405225
2130.0,0.022321414923203622,0.249127951586972,0.35706887382633795,0.3714817596634866
2140.0,0.022086015724671254,0.26095148976179355,0.4534538834760561,0.2635086110374792
2150.0,0.0216990199287183,0.30179740303001495,0.42948770356140353,0.24701587347986334
2160.0,0.021298062709126025,0.3545382524672607,0.31368217600053444,0.31048150882307896
2170.0,0.021167988533074493,0.38243219592204664,0.23863878750395853,0.35776102804092025
2180.0,0.021470354534785137,0.36408590062544643,0.2889685325081955,0.32547521233157267
2190.0,0.02206714151908632,0.3147570054130492,0.40560192411099816,0.25757392895686615
2200.0,0.022625341448176774,0.27075129662990655,0.4547281537645851,0.2518952081573314
2210.0,0.02289430457280069,0.2543480523626899,0.3810062718081472,0.3417513712563619
2220.0,0.02287785767982439,0.25730877486281395,0.2697063243310646,0.4501070431262967
2230.0,0.022752950675408643,0.2587827598783761,0.24807711096148016,0.4703871784847348
2240.0,0.02265869013498684,0.2543191625695901,0.3399959639094932,0.38302618338592964
2250.0,0.022592676975717946,0.26132673166779274,0.4398433590767425,0.2762372322797467
2260.0,0.022498275712333763,0.29496492835320665,0.4340199072741651,0.2485168886602945
2270.0,0.022400266002312885,0.34358739047180953,0.3302169548610517,0.30379538866482586
2280.0,0.022407507808838448,0.3740008450054795,0.24730560280940578,0.3562860443762763
2290.0,0.02257967781874795,0.3627668329290991,0.2789289934532856,0.33572449579886726
2300.0,0.02282854901504666,0.3196461265807111,0.3873832925065718,0.2701420318976703
2310.0,0.022985982845943945,0.27748364935237363,0.44810778191608375,0.2514225858855985
2320.0,0.02297009281309184,0.25993515792955885,0.3924061885348168,0.3246885607225324
2330.0,0.022859682085689365,0.2623100931436864,0.284915961734855,0.429914263035769
2340.0,0.022791712470072615,0.2647974455960806,0.24848819479472012,0.46392264713912656
2350.0,0.022805334158325734,0.260328177108684,0.3237304769732662,0.39313601175972396
2360.0,0.022821090384063287,0.2636460614570772,0.42375156315359613,0.289781285005263
2370.0,0.022783384219537305,0.2911683623974132,0.4344610257669383,0.2515872276161108
2380.0,0.022792378542638884,0.3359057549687485,0.34461837434954373,0.29668349213906825
2390.0,0.023048049885925636,0.36805764339118224,0.25736277514096617,0.3515315315819254
2400.0,0.023639429844288823,0.36269482969020383,0.2715331099551598,0.3421326305103471
2410.0,0.024401563282268446,0.3247146504275232,0.36934073915111443,0.28154304713909356
2420.0,0.02501043253891448,0.28368988649058985,0.43809378491361484,0.2532058960568805
2430.0,0.025238887669474394,0.2645031443257538,0.3996360637260784,0.3106219042786931
2440.0,0.02512297598771304,0.2659703909745846,0.2989196306157316,0.40998700242197045
2450.0,0.024880191250694336,0.2695178178376235,0.25138878050374575,0.4542132104079361
2460.0,0.024679878427076134,0.2655363229623443,0.31070457382773753,0.3990792247828418
2470.0,0.024510485945612028,0.26573466808523183,0.40828853479327004,0.30146631117588596
2480.0,0.02426700959224463,0.2872067809664567,0.43269079930802656,0.2558354101332719
2490.0,0.023936488506772168,0.327462514085848,0.3568817076095367,0.29171928979784306
2500.0,0.023661508765094742,0.3606506322902519,0.2680685965992831,0.3476192623453701
2510.0,0.023610573524521294,0.36113129239543185,0.2672070559919109,0.3480510780881359
2520.0,0.023803944250476352,0.32911812336654905,0.3540188365030028,0.2930590958799718
2530.0,0.024088349934590216,0.29023863411820533,0.4285008857994566,0.25717213014774787
2540.0,0.02428325181308606,0.2697373515807297,0.40587496103734455,0.3001044355688398
2550.0,0.024335538000866033,0.26979225793593375,0.3128946751973834,0.3929775288658169
2560.0,0.0243251248705518,0.27381767354729863,0.25614606183555205,0.4457111397465976
2570.0,0.02434194750594645,0.27051967663698845,0.2998615589757436,0.40527681688132144
2580.0,0.024393184188453043,0.2685907291051276,0.3932843310993905,0.31373175560702876
2590.0,0.02444333480225161,0.28489698408817726,0.4296521477224411,0.26100753338713
2600.0,0.024516423012537498,0.3204993167318654,0.3682098358889805,0.28677442436661676
2610.0,0.024710808416599388,0.35344541923530315,0.27976096021670926,0.34208281213138836
2620.0,0.025087310669522935,0.3582799646189316,0.26485468247664234,0.35177804223490333
2630.0,0.02555750882427754,0.3315200413145815,0.33915053250710403,0.30377191735403697
2640.0,0.02591845691707566,0.2950758061301739,0.4167083143857598,0.2622974225669906
2650.0,0.026020591709460427,0.2739975437043006,0.40901766585682253,0.29096419872941637
2660.0,0.025897895614461246,0.2731891416030268,0.3257291556607588,0.37518380712175314
2670.0,0.025719595407310624,0.27794632818724996,0.2624812274262302,0.4338528489792091
2680.0,0.025614783255360506,0.2756238298364218,0.2910254238414537,0.4077359630667639
2690.0,0.025561293390018655,0.2721153506221633,0.37782491561605247,0.32449844037176556
2700.0,0.025457751685130293,0.28384670969932246,0.4234143015596398,0.2672812370559075
2710.0,0.02529095031412655,0.31505073787190396,0.37632273267264943,0.2833355791413201
2720.0,0.025200981061777473,0.3475874279941305,0.29106628115798133,0.3361453097861105
2730.0,0.02535866709500318,0.35646147739257705,0.2648814938144854,0.3532983616979342
2740.0,0.02578049470804088,0.3347451843946926,0.3266058370394756,0.31286848385779065
2750.0,0.026281396778887245,0.3005310293844576,0.40470117928181915,0.2684863945548359
2760.0,0.02662180761683074,0.2783927524225255,0.409879084752627,0.2851063552080167
2770.0,0.02670110459990533,0.2759683843886935,0.3369644508080537,0.36036606020334744
2780.0,0.02660720059864516,0.28089254940427555,0.2698416940978962,0.422658555899183
2790.0,0.026491539729871227,0.27963923567509863,0.28495482995143356,0.40891439464359647
2800.0,0.026419127375571835,0.2752024619538055,0.3643357411579787,0.33404266951264394
2810.0,0.02634955136804337,0.2828643903968904,0.4170388415193833,0.2737472167156831
2820.0,0.026243291886971252,0.30938191131128673,0.3833873941526514,0.2809874026490907
2830.0,0.026148525332215355,0.34052867017397925,0.3024988754588682,0.3308239290349371
2840.0,0.02616074378416987,0.3525897973151653,0.26668604479281505,0.3545634141078499
2850.0,0.026307051063140532,0.33595855588750245,0.31589026881236665,0.3218441242369904
2860.0,0.02649835683195945,0.3048850564919056,0.3929074369559775,0.2757091497201574
2870.0,0.026611773513812866,0.2827129545915796,0.4096204876451475,0.28105478424945984
2880.0,0.026611541277711245,0.2791131564676117,0.3476038896639072,0.3466714125907697
2890.0,0.026571898046969814,0.28408216876708453,0.2782638592860227,0.4110820738999228
2900.0,0.02658102593509479,0.2838368840903963,0.28054834191969974,0.409033748054809
2910.0,0.02664414402231353,0.27895407762122787,0.35103239165016636,0.3433693867062922
2920.0,0.026701850613364077,0.2833699404394893,0.40874775322465,0.28118045572249656
2930.0,0.026738640370943915,0.30569177897489475,0.38815523004174113,0.2794143506124202
2940.0,0.026842536371547956,0.3351577261064104,0.3134772306922282,0.3245225068298134
2950.0,0.027127433132110617,0.3495285331058913,0.2700706629542759,0.35327337080772214
2960.0,0.02759157614562492,0.3371025598465778,0.3066306319753661,0.3286752320324314
2970.0,0.02807234386344459,0.30867998275756564,0.38028920193486887,0.2829584714441211
2980.0,0.028363457632396,0.2863146535560585,0.4065394175272064,0.2787824712843392
2990.0,0.02838511139944439,0.2814647021737258,0.3559236889642895,0.33422649746254046
3000.0,0.02823565812840583,0.28644142368499265,0.28691160880911193,0.39841130937748975
3010.0,0.028076961086336887,0.2873729770635706,0.2783064189135434,0.40624364293654913
3020.0,0.027979989815425654,0.2824722789386118,0.3392794820996911,0.3502682491462714
3030.0,0.027891876389158087,0.2840606532465918,0.3996842167168051,0.28836325364744486
3040.0,0.02774560639568988,0.30223763685971283,0.39075878492948357,0.2792579718151136
3050.0,0.027576790619142453,0.3296837477196446,0.3233495092470911,0.31938995241412177
3060.0,0.027510988809505164,0.3460370988129962,0.2746704931673268,0.3517814192101718
3070.0,0.0276354626771376,0.3379129179134873,0.29970820992823066,0.33474340948114417
3080.0,0.027899407401573203,0.3126068605158174,0.3689373899450983,0.29055634213751086
3090.0,0.028153168667489188,0.2903837739211753,0.402910921648075,0.2785521357632602
3100.0,0.028282796283625605,0.2840867385414608,0.3632527068826933,0.32437775829222
3110.0,0.028296668909906633,0.2885137067227633,0.2958705104172062,0.38731911395012364
3120.0,0.028282887682723707,0.2903096271468211,0.27776237212879606,0.40364511304165895
3130.0,0.02830186232924528,0.2857180013608885,0.3290360090339987,0.35694412727586744
3140.0,0.028340578932649563,0.28516674334298986,0.3906380051526438,0.2958546725717167
3150.0,0.02836919335525988,0.29953503977540086,0.3923876076558802,0.27970815921345893
3160.0,0.02841443690712661,0.3245114447534639,0.3328989929992996,0.3141751253401098
3170.0,0.028547410783695545,0.34190112971323994,0.2803546081815714,0.34919685132149303
3180.0,0.02879279217680753,0.33737008302077104,0.29417231705940183,0.3396648077430195
3190.0,0.02906966438126968,0.3151879005848382,0.3575800326478714,0.29816240238602043
3200.0,0.029245935691576175,0.29365969483338616,0.39764426375323425,0.2794501057218032
3210.0,0.02925830766838193,0.2864701524873878,0.36892401310050205,0.31534752674372796
3220.0,0.029169012964266803,0.29057925415126473,0.3048359424115943,0.375415790472874
3230.0,0.029095989219226185,0.29330323723478763,0.2786862569094247,0.3989145166365613
3240.0,0.02909346599073869,0.28925398809633185,0.3197749865180954,0.36187755939483385
3250.0,0.02911536753488855,0.28703224465004135,0.3805532086893604,0.30329917912570953
3260.0,0.02909937246617068,0.298004565253492,0.3916010527177777,0.28129500956255954
3270.0,0.029070761841360843,0.32055876341070144,0.34084863419437944,0.30952184055355797
3280.0,0.02914017997319376,0.3386805290268341,0.2866273717325323,0.3455519192674396
3290.0,0.029388507007401535,0.33736639642417593,0.29048243135984747,0.34276266520857496
3300.0,0.029762367520646028,0.3180564846526014,0.34713162800299535,0.30504951982375716
3310.0,0.0300984514594816,0.297010878394019,0.39129324411419764,0.2815974260323016
3320.0,0.030258147782089753,0.28857905936543093,0.37270755268587585,0.3084552401666035
3330.0,0.03023661209883022,0.2919383975654069,0.31318157236593364,0.36464341796982913
3340.0,0.03014042917430694,0.29538689439734206,0.2809434256590934,0.3935292507692574
3350.0,0.030069338107673635,0.2921199260859342,0.3124398550263595,0.3653708807800324
3360.0,0.03003307945145229,0.28871044521588896,0.37117662267511947,0.310079852657539
3370.0,0.029983219656613266,0.29652229707068056,0.3900290116321676,0.2834654716405383
3380.0,0.029906384530286278,0.3163558770537496,0.34794096075556463,0.3057967776603989
3390.0,0.02986185957635557,0.33462770478970416,0.29335875420120283,0.34215168143273683
3400.0,0.029919630059991365,0.3362339463101318,0.2883437886226677,0.34550263500720846
3410.0,0.03007464080416917,0.3201034844128255,0.3378464183923336,0.311975456390671
3420.0,0.030240473541261487,0.3001967523715343,0.3847621842429786,0.28480058984422496
3430.0,0.030332394751281876,0.29097354274720305,0.37562863610564057,0.3030654263958739
3440.0,0.030346719824111506,0.29355142606834383,0.321407150524329,0.354694703583215
3450.0,0.03034979159789209,0.2974744818472812,0.28426317336355106,0.3879125531912751
3460.0,0.030395708919017023,0.29500557835950614,0.30624358858636264,0.3683551241351138
3470.0,0.03047244850022393,0.2908467948286643,0.3616614157729994,0.31701934089811196
3480.0,0.03053788104546511,0.2960089455269504,0.38707841434025847,0.2863747590873256
3490.0,0.03059665678005373,0.31321306911266944,0.3538792380393,0.3023110360679765
3500.0,0.030717121081680406,0.3311753863700277,0.3003933289849527,0.3377141635633388
3510.0,0.03095703671818134,0.3350300777094876,0.28750911194377293,0.3465037736285576
3520.0,0.03127833337430525,0.32163895220157895,0.3291733422339184,0.317909372190197
3530.0,0.031553562470410475,0.30280057736694244,0.377124638412303,0.2885212217503437
3540.0,0.031669697692460565,0.29288523832275143,0.3765732050120626,0.2988718589727251
3550.0,0.03162559133226698,0.2947325048224919,0.3286320779550618,0.34500982589017926
3560.0,0.03152200442678604,0.29915495168017286,0.28838652771431095,0.38093651617873003
3570.0,0.03145730748508022,0.2976530459038592,0.3015579266073227,0.3693317200037377
3580.0,0.031441733041104966,0.293084665080887,0.3525545858850129,0.32291901599299505
3590.0,0.031418195939529846,0.29588906175531016,0.3828969900493896,0.28979575225577037
3600.0,0.03135731379159633,0.31047403847524074,0.3582418141375917,0.2999268335955714
3610.0,0.03131335595904687,0.3278917067691733,0.3071801426724935,0.3336147945992864
3620.0,0.03137531632445594,0.3338015751044514,0.28798786827267164,0.34683524029842105
3630.0,0.0315674434363456,0.3232110572876068,0.32198966608002333,0.3232318331960243
3640.0,0.03181089818920147,0.3056373915427684,0.36973925951806486,0.2928124507499652
3650.0,0.031990308852651396,0.29503791992681483,0.37662232813027047,0.29634944309026356
3660.0,0.03205433691128843,0.2958351612878717,0.3351909799815434,0.3369195218192968
3670.0,0.032046041117929885,0.30035911727795367,0.2931070114119658,0.3744878301921508
3680.0,0.032040194530052676,0.29974541184382897,0.29827556411680023,0.36993882950931833
3690.0,0.03206541415277837,0.2951125353596693,0.34431418362878125,0.3285078668587712
3700.0,0.0320964235844164,0.2959863079832357,0.37840100144048533,0.2935162669918628
3710.0,0.032113353204698054,0.3079991855017675,0.3618680577101845,0.29801940358335016
3720.0,0.03214668512383911,0.324431860609515,0.3140106347816899,0.32941081948495643
3730.0,0.032248228140442495,0.3318363892522768,0.2894749470416936,0.3464404355655876
3740.0,0.032421540182880744,0.32384403913027926,0.3157139330297747,0.32802048765706565
3750.0,0.032598095062845237,0.307819002635892,0.36211178143368417,0.29747112086757893
3760.0,0.032695049791889925,0.2970026487372519,0.37551709952863643,0.2947852019422221
3770.0,0.03269507362319048,0.2970210882549894,0.340979459656805,0.32930437846501537
3780.0,0.03265999895456533,0.30165250132190113,0.2983023411388627,0.3673851585846711
3790.0,0.03266302812641964,0.3019187448540754,0.2961054483711285,0.3693127786483767
3800.0,0.03271598227979539,0.29743195252315435,0.33639395234642183,0.3334581128506287
3810.0,0.03277294808446764,0.2967350273273944,0.3728085681332198,0.29768345645491845
3820.0,0.03280315472344483,0.3063929921395323,0.363919247414372,0.29688460572265096
3830.0,0.03284501502218515,0.32172751498516144,0.320289337519539,0.32513813247311446
3840.0,0.03297334889213664,0.33029051830989453,0.29184347993139925,0.3448926528665696
3850.0,0.03321144015031786,0.32459251352908597,0.31061401553860885,0.3315820307819872
3860.0,0.03348602434470884,0.30996148248206384,0.35452706805712275,0.30202542511610436
3870.0,0.0336801955623983,0.29881770276382874,0.37317905060062234,0.2943230510731503
3880.0,0.03373334010650396,0.29786351352443785,0.3455423400565657,0.3228608063124922
3890.0,0.03368604415062365,0.3023915381688065,0.303560884499395,0.3603615331811746
3900.0,0.03362771585106003,0.3035188217587905,0.29517944863268447,0.36767401375746467
3910.0,0.0336081279713917,0.2994335532891721,0.32957759566298367,0.3373807230764521
3920.0,0.03360713640154534,0.297494011312117,0.3671385759111832,0.30176027637515407
3930.0,0.033586267113225335,0.30488460387562155,0.365062843031884,0.2964662859792688
3940.0,0.03355407087975829,0.31887891848190536,0.32609394330531033,0.3214730673330258
3950.0,0.033566818038643066,0.32828355704658135,0.2948821532330199,0.34326747168175553
3960.0,0.033664914969982765,0.3248340553234609,0.3067204876166538,0.3347805420899023
3970.0,0.03382064828715371,0.3118937445396954,0.347518826487939,0.3067667806852117
3980.0,0.033959147807206255,0.30078128150009453,0.37041865835652493,0.29484091233617404
3990.0,0.034030106707600025,0.2989444740845501,0.3494899981804515,0.3175354210273982
4000.0,0.0340509339460694,0.3031650180071013,0.30899249502007264,0.35379155302675647
4010.0,0.0340767040048062,0.3049558956067988,0.29519430965492816,0.3657730907334666
4020.0,0.0341362711896266,0.30137179512435514,0.32347308395688257,0.3410188497291354
4030.0,0.03420957465673766,0.29854139068564634,0.3611645865958505,0.3060844480617653
4040.0,0.034268765131590675,0.30392703065455107,0.36525821757879096,0.2965459866350672
4050.0,0.034328323210542376,0.3164722417341825,0.3314258083324601,0.3177736267228148
4060.0,0.03443820592925202,0.32630233673837267,0.298485495919425,0.3407739614129502
4070.0,0.03462262428947151,0.32470800638984904,0.3037481767022158,0.3369211926184635
4080.0,0.034835145066696174,0.3133455046427415,0.34061616288025065,0.3112031874103115
4090.0,0.034987642408063485,0.30239316487950824,0.3666339501155229,0.295985242596905
4100.0,0.03502880633846534,0.2998194626556077,0.3522293017122631,0.3129224292936635
4110.0,0.03499008673983026,0.3037669080492202,0.31421011248486225,0.34703289272608695
4120.0,0.034950080196445944,0.3062344597492844,0.2960873055747332,0.3627281544795363
4130.0,0.034956671742607,0.3032932522486402,0.3182389768722745,0.34351109913647804
4140.0,0.03499104880773685,0.29982818311187337,0.35497571360666136,0.31020505447372815
4150.0,0.03500902655142563,0.3033906924302066,0.3642927205039847,0.2973075605143829
4160.0,0.03500812731465604,0.31444564917481654,0.33584622271553377,0.3147000007949935
4170.0,0.03504129354597104,0.32450677572528175,0.3023554237553206,0.3380965069734264
4180.0,0.03516007174275208,0.32462978199329634,0.3018807334181294,0.338329412845822
4190.0,0.03535089408611141,0.31486735418266515,0.33446653059699566,0.31531522113422766
4200.0,0.0355368342329193,0.30413355709610657,0.36254406851072185,0.29778554016025227
4210.0,0.03564505865660646,0.3007221058603344,0.3541271859141515,0.3095056495689077
4220.0,0.035668782334921954,0.3041255736543567,0.31915408693056063,0.34105155708016066
4230.0,0.03566086690436592,0.30705239369874077,0.29769999363998845,0.35958674575690497
4240.0,0.03567242974595514,0.30481324005656557,0.31402408599717807,0.34549024420030133
4250.0,0.0357070745222854,0.3010075518683968,0.3491298644015685,0.31415550920774954
4260.0,0.03573725196169525,0.3029814624382683,0.36285161091828577,0.298429674681751
4270.0,0.03575511558691178,0.31246966320782543,0.3397769894274482,0.3119982317778148
4280.0,0.03579244350753016,0.32243248372474365,0.3064919237882531,0.33528314897947337
4290.0,0.03588442601607099,0.3240054929133423,0.30086130660125837,0.3392487744693286
4300.0,0.03602112572527437,0.31588938607776446,0.328843134419847,0.31924635377711436
4310.0,0.03614685535996509,0.3056766228739575,0.3581015297640067,0.30007499200207083
4320.0,0.03621257159997957,0.30170408681061545,0.35524989235662136,0.30683344923278366
4330.0,0.036224146945156695,0.3046164502373394,0.32384571441849336,0.3353136883990106
4340.0,0.03623268998836997,0.3079103675243535,0.2999069833344744,0.35594995915280214
4350.0,0.03627855292049139,0.3063699304316666,0.31054994498434474,0.3468015716634973
4360.0,0.036352912505534095,0.3024158909615313,0.3432357565298375,0.31799544000309715
4370.0,0.036419541045920954,0.30304547864877074,0.36048874824538174,0.3000462320599268
4380.0,0.036468991372950156,0.3110312820371851,0.3428116854622719,0.3096880411275931
4390.0,0.03653909172219623,0.3207119103603803,0.31064860041344833,0.33210039750397535
4400.0,0.03667409240581507,0.3234575600897722,0.3006579021398582,0.3392104453645547
4410.0,0.03686664015338594,0.3168119003785691,0.3238259726532875,0.32249548681475765
4420.0,0.03704969706285317,0.307079540642006,0.35328571184609614,0.3025850504490449
4430.0,0.03715224491250866,0.30252072137448066,0.3553460035932464,0.3049810301197643
4440.0,0.03716221908414169,0.3048458888393845,0.3279169604681233,0.33007493160835033
4450.0,0.0371314427859691,0.3084141405830263,0.3025209635458677,0.3519334530851367
4460.0,0.03712003493574493,0.307626437191814,0.3080246369655824,0.3472288909068586
4470.0,0.03714183126944599,0.3037393633947494,0.3378060972582083,0.32131270807759615
4480.0,0.03716731170467097,0.3032296320239271,0.35768168203844475,0.301921374232957
4490.0,0.0371741369831654,0.3097200984237244,0.3451077704132065,0.3079979941799036
4500.0,0.03718336408935644,0.3189355151378227,0.31469561733845464,0.3291855034343661
4510.0,0.037239105405968545,0.3226888199459626,0.30116579135919336,0.3389062832888753
4520.0,0.037356098903320624,0.31755335945902335,0.3196235963181586,0.32546694531949705
4530.0,0.03749656386517191,0.3085050417367556,0.34861001309761164,0.3053883813004607
4540.0,0.03760386241964984,0.30350240594459227,0.35494634333359465,0.303947388302163
4550.0,0.037656037215252,0.30516313138346574,0.3316227257597604,0.3255581056415215
4560.0,0.03768099473373666,0.3087974577829483,0.3054733309665809,0.3480482165167339
4570.0,0.037719834851443264,0.3086658099660392,0.3062545781863725,0.34735977699614495
4580.0,0.037782911467274444,0.30498913500066854,0.33275098318293717,0.32447697034911993
4590.0,0.03784824063673674,0.3035901919341593,0.35450378204358174,0.30405778538552214
4600.0,0.037899868472896024,0.3086823608495005,0.3467862327850402,0.3066315378925631
4610.0,0.037956444213426345,0.3172622345339542,0.31865615797760904,0.3261251632750102
4620.0,0.03805269078480353,0.32173143610556204,0.30225802171240973,0.3379578513972244
4630.0,0.038193717375163805,0.3179409938198605,0.3159970485281797,0.3278682402767955
4640.0,0.038336864750092604,0.30963801062369456,0.3437797329453395,0.3082453916808729
4650.0,0.03842659859416964,0.3043579697176802,0.3537423051219926,0.30347312656615705
4660.0,0.038447496067836234,0.30544749814210814,0.33469322454316286,0.32141178124689224
4670.0,0.038438023853577495,0.3091332958612254,0.30860173984937334,0.3438269404358232
