Cube data generated by ORCA
Molecular orbital 315 of operator 0
 -178   20.722282   18.322330   90.094129
   40    1.773362    0.000000    0.000000
   40    0.000000    1.886745    0.000000
   40    0.000000    0.000000    1.689535
    6    6.000000   39.381893   76.477217  107.147472
    6    6.000000   39.268509   75.211100  109.471835
    6    6.000000   38.985050   72.565484  109.547424
    6    6.000000   38.871667   71.299367  111.890684
    6    6.000000   38.588208   68.653750  111.947376
    6    6.000000   38.418132   67.274250  109.679705
    6    6.000000   38.153571   64.628634  109.736397
    6    6.000000   37.983495   63.249134  107.468725
    6    6.000000   38.096879   64.515250  105.144362
    6    6.000000   38.361441   67.160867  105.068773
    6    6.000000   38.493721   68.426983  102.725513
    6    6.000000   38.777180   71.072600  102.668821
    6    6.000000   38.928358   72.452100  104.936492
    6    6.000000   39.211817   75.097717  104.879800
    6    6.000000   38.814975   71.185983  107.279753
    6    6.000000   38.531516   68.540367  107.336444
    1    1.000000   39.589763   78.518121  107.090780
    1    1.000000   39.381893   76.288244  111.229280
    1    1.000000   38.985050   72.338716  113.648130
    1    1.000000   38.512619   67.689990  113.761513
    1    1.000000   38.077982   63.627079  111.531636
    1    1.000000   37.775625   61.208229  107.525417
    1    1.000000   37.983495   63.438106  103.386917
    1    1.000000   38.380338   67.387634  100.968067
    1    1.000000   38.871667   72.036360  100.854684
    1    1.000000   39.306304   76.099271  103.084561
    6    6.000000   63.249134   37.076427  132.432007
    6    6.000000   64.515250   36.963043  134.775268
    6    6.000000   67.160867   36.698482  134.850857
    6    6.000000   68.426983   36.585098  137.175220
    6    6.000000   71.072600   36.320536  137.250809
    6    6.000000   72.452100   36.169358  134.983138
    6    6.000000   75.116614   35.923694  135.039830
    6    6.000000   76.477217   35.810310  132.772158
    6    6.000000   75.229997   35.923694  130.447795
    6    6.000000   72.584381   36.150461  130.353309
    6    6.000000   71.299367   36.263845  128.028946
    6    6.000000   68.653750   36.509509  127.953357
    6    6.000000   67.274250   36.660687  130.221028
    6    6.000000   64.628634   36.925249  130.164336
    6    6.000000   68.540367   36.547303  132.564288
    6    6.000000   71.185983   36.282742  132.639877
    1    1.000000   61.208229   37.265399  132.394213
    1    1.000000   63.438106   37.076427  136.513816
    1    1.000000   67.368737   36.698482  138.932665
    1    1.000000   72.036360   36.226050  139.046049
    1    1.000000   76.099271   35.848105  136.835069
    1    1.000000   78.537018   35.640235  132.828850
    1    1.000000   76.307141   35.867002  128.690350
    1    1.000000   72.357614   36.188255  126.271500
    1    1.000000   67.689990   36.603995  126.158117
    1    1.000000   63.627079   37.019735  128.369096
    8    8.000000   31.463940   58.883866  100.174382
    1    1.000000   31.955269   57.561058  101.289321
    1    1.000000   30.783639   60.149983  101.251526
    8    8.000000   32.805646   54.726469  103.027869
    1    1.000000   31.426146   53.649325  103.519198
    1    1.000000   33.618228   53.838298  101.667266
    8    8.000000   32.692262   70.562374  104.860903
    1    1.000000   34.487502   70.354504  104.860903
    1    1.000000   32.389906   71.885182  106.032533
    8    8.000000   32.559981   57.031935  112.476499
    1    1.000000   33.580433   56.578400  111.059205
    1    1.000000   30.915920   57.315394  111.796198
    8    8.000000   29.971056   66.234901  106.297095
    1    1.000000   31.010406   67.633298  105.824663
    1    1.000000   28.289200   66.782922  105.938047
    8    8.000000   28.875015   62.190887  103.197944
    1    1.000000   27.722282   63.041264  102.083006
    1    1.000000   29.498625   63.494798  104.275088
    8    8.000000   31.596221   60.036599  117.125226
    1    1.000000   32.144242   59.261812  115.575650
    1    1.000000   33.070207   60.036599  118.183472
    8    8.000000   33.410358   72.017463  117.257507
    1    1.000000   34.808755   70.959216  117.711041
    1    1.000000   32.106447   70.864730  116.766178
    8    8.000000   33.126899   80.011005  114.706376
    1    1.000000   33.145796   78.272456  114.215048
    1    1.000000   31.690707   80.143285  115.802417
    8    8.000000   31.142687   74.322929  108.092335
    1    1.000000   31.993063   74.493004  109.679705
    1    1.000000   30.160029   75.834710  107.941157
    8    8.000000   57.428777   31.218276  131.997370
    1    1.000000   58.921661   31.274968  133.017823
    1    1.000000   57.957901   30.424591  130.466692
    8    8.000000   61.680661   30.216721  135.039830
    1    1.000000   63.362517   30.594666  135.568953
    1    1.000000   61.850736   28.742734  134.019377
    8    8.000000   66.367182   31.218276  137.137426
    1    1.000000   66.688435   31.161584  138.913768
    1    1.000000   67.312045   32.654468  136.551610
    8    8.000000   60.338955   29.082885  139.934220
    1    1.000000   60.527928   30.632461  140.879083
    1    1.000000   60.773592   29.536419  138.233467
    8    8.000000   67.198661   31.369454  142.447556
    1    1.000000   68.842723   31.067098  143.146755
    1    1.000000   66.480565   32.654468  143.524700
    8    8.000000   60.414545   33.334769  142.919988
    1    1.000000   59.753140   32.616673  144.450666
    1    1.000000   61.945223   34.166249  143.449111
    8    8.000000   37.246502   68.993901  118.920466
    1    1.000000   38.720488   69.371846  119.884226
    1    1.000000   36.433920   67.671093  119.846431
    8    8.000000   71.412751   35.451262  120.885781
    1    1.000000   71.488340   34.033968  122.000719
    1    1.000000   69.711997   36.055975  121.055856
    8    8.000000   54.216243   35.413468  130.693459
    1    1.000000   55.293387   34.128454  131.354864
    1    1.000000   54.443010   35.337879  128.917117
    8    8.000000   53.517044   40.780290  132.072959
    1    1.000000   52.232030   41.309413  130.920227
    1    1.000000   53.913887   39.098434  131.581631
    8    8.000000   34.619783   65.460113  121.679466
    1    1.000000   34.355221   66.178209  123.323527
    1    1.000000   32.975721   65.346730  120.961370
    8    8.000000   34.789858   54.499702  108.130129
    1    1.000000   34.468605   54.934339  106.410479
    1    1.000000   33.674920   53.101304  108.451383
    8    8.000000   56.087072   34.279632  140.066501
    1    1.000000   57.617750   34.204043  141.049159
    1    1.000000   55.803613   32.559981  139.556275
    8    8.000000   64.798709   35.337879  145.225453
    1    1.000000   66.291593   36.282742  145.641193
    1    1.000000   63.759360   35.470160  146.699440
    8    8.000000   69.163977   37.057529  147.738789
    1    1.000000   68.578161   35.583543  148.608063
    1    1.000000   69.182874   38.361441  148.986008
    8    8.000000   40.648009   84.036121   98.681499
    1    1.000000   40.610215   84.905395   97.094129
    1    1.000000   42.178687   83.053464   98.624807
    8    8.000000   36.112666   82.373162  100.911376
    1    1.000000   35.243392   83.960532  100.968067
    1    1.000000   37.643345   82.713313  100.004307
    8    8.000000   37.000838   84.206197  105.938047
    1    1.000000   36.849660   83.355820  107.525417
    1    1.000000   36.566201   82.940080  104.709725
    8    8.000000   36.622892   82.259779  111.191486
    1    1.000000   35.526851   81.239326  112.193041
    1    1.000000   38.134673   82.410957  112.174143
    8    8.000000   40.402345   83.110155  114.725274
    1    1.000000   41.819639   83.790457  113.856000
    1    1.000000   41.044852   82.562135  116.312644
    8    8.000000   32.616673   75.135511  113.119006
    1    1.000000   33.334769   74.058367  114.385123
    1    1.000000   30.859228   74.795360  113.156801
    8    8.000000   77.100826   31.388351  122.340870
    1    1.000000   77.195313   33.183591  122.321973
    1    1.000000   76.533908   30.934817  120.677911
    8    8.000000   73.510347   28.459276  139.575172
    1    1.000000   74.870949   27.268748  139.631864
    1    1.000000   72.584381   28.043536  138.082289
    8    8.000000   73.453655   30.197824  129.106089
    1    1.000000   74.020573   31.634015  130.032055
    1    1.000000   71.847388   29.782084  129.843083
    8    8.000000   70.732449   26.890803  135.417775
    1    1.000000   71.526134   25.322330  134.945343
    1    1.000000   69.220668   26.380577  136.287049
    8    8.000000   67.822271   29.706495  121.792849
    1    1.000000   69.258463   30.160029  122.813301
    1    1.000000   67.179764   28.213611  122.586534
    8    8.000000   72.244230   31.350557  124.117212
    1    1.000000   72.376511   31.029303  125.893555
    1    1.000000   73.926086   31.180481  123.512500
    8    8.000000   68.880518   29.385241  131.260377
    1    1.000000   69.409641   28.534865  132.753261
    1    1.000000   67.954552   30.821433  131.865090
    8    8.000000   82.297573   31.615118  142.296378
    1    1.000000   82.883388   31.048200  140.690111
    1    1.000000   81.333813   30.235618  142.957782
    8    8.000000   71.904079   29.819878  144.280590
    1    1.000000   73.321374   30.405693  145.263248
    1    1.000000   72.622175   29.423036  142.674323
    8    8.000000   76.571703   36.509509  121.792849
    1    1.000000   74.776463   36.566201  121.603877
    1    1.000000   77.233107   36.792968  120.129890
    8    8.000000   74.379621   36.585098  147.776584
    1    1.000000   75.286689   37.813420  146.831721
    1    1.000000   72.641073   36.906351  147.379741
    1  315
   0.00000E+00   0.00000E+00   0.00000E+00   0.00000E+00   0.00000E+00   0.00000E+00
   0.00000E+00   0.00000E+00   0.00000E+00   0.00000E+00   0.00000E+00   0.00000E+00
   0.00000E+00   0.00000E+00   0.00000E+00   0.00000E+00   0.00000E+00   0.00000E+00
   0.00000E+00   0.00000E+00   0.00000E+00   0.00000E+00   0.00000E+00   0.00000E+00
   0.00000E+00   0.00000E+00   0.00000E+00   0.00000E+00   0.00000E+00   0.00000E+00
   0.00000E+00   0.00000E+00   0.00000E+00   0.00000E+00   0.00000E+00   0.00000E+00
   0.00000E+00   0.00000E+00   0.00000E+00   0.00000E+00
   0.00000E+00   0.00000E+00   0.00000E+00   0.00000E+00   0.00000E+00   0.00000E+00
   0.00000E+00   0.00000E+00   0.00000E+00   0.00000E+00   0.00000E+00   0.00000E+00
   0.00000E+00   0.00000E+00   0.00000E+00   0.00000E+00   0.00000E+00   0.00000E+00
   0.00000E+00   0.00000E+00   0.00000E+00   0.00000E+00   0.00000E+00   0.00000E+00
   0.00000E+00   0.00000E+00   0.00000E+00   0.00000E+00   0.00000E+00   0.00000E+00
   0.00000E+00   0.00000E+00   0.00000E+00   0.00000E+00   0.00000E+00   0.00000E+00
   0.00000E+00   0.00000E+00   0.00000E+00   0.00000E+00
   0.00000E+00   0.00000E+00   0.00000E+00   0.00000E+00   0.00000E+00   0.00000E+00
   0.00000E+00   0.00000E+00   0.00000E+00   0.00000E+00   0.00000E+00   0.00000E+00
   0.00000E+00   0.00000E+00   0.00000E+00   0.00000E+00   0.00000E+00   0.00000E+00
   0.00000E+00   0.00000E+00   0.00000E+00   0.00000E+00   0.00000E+00   0.00000E+00
   0.00000E+00   0.00000E+00   0.00000E+00   0.00000E+00   0.00000E+00   0.00000E+00
   0.00000E+00   0.00000E+00   0.00000E+00   0.00000E+00   0.00000E+00   0.00000E+00
   0.00000E+00   0.00000E+00   0.00000E+00   0.00000E+00
   0.00000E+00   0.00000E+00   0.00000E+00   0.00000E+00   0.00000E+00   0.00000E+00
   0.00000E+00   0.00000E+00   0.00000E+00   0.00000E+00   0.00000E+00   0.00000E+00
   0.00000E+00   0.00000E+00   0.00000E+00   0.00000E+00   0.00000E+00   0.00000E+00
   0.00000E+00   0.00000E+00   0.00000E+00   0.00000E+00   0.00000E+00   0.00000E+00
   0.00000E+00   0.00000E+00   0.00000E+00   0.00000E+00   0.00000E+00   0.00000E+00
   0.00000E+00   0.00000E+00   0.00000E+00   0.00000E+00   0.00000E+00   0.00000E+00
   0.00000E+00   0.00000E+00   0.00000E+00   0.00000E+00
   0.00000E+00   0.00000E+00   0.00000E+00   0.00000E+00   0.00000E+00   0.00000E+00
   0.00000E+00   0.00000E+00   0.00000E+00   0.00000E+00   0.00000E+00   0.00000E+00
   0.00000E+00   0.00000E+00   0.00000E+00   0.00000E+00   0.00000E+00   0.00000E+00
   0.00000E+00   0.00000E+00   0.00000E+00   0.00000E+00   0.00000E+00   0.00000E+00
   0.00000E+00   0.00000E+00   0.00000E+00   0.00000E+00   0.00000E+00   0.00000E+00
   0.00000E+00   0.00000E+00   0.00000E+00   0.00000E+00   0.00000E+00   0.00000E+00
   0.00000E+00   0.00000E+00   0.00000E+00   0.00000E+00
   0.00000E+00   0.00000E+00   0.00000E+00   0.00000E+00   0.00000E+00   0.00000E+00
   0.00000E+00   0.00000E+00   0.00000E+00   0.00000E+00   0.00000E+00   0.00000E+00
   0.00000E+00   0.00000E+00   0.00000E+00   0.00000E+00   0.00000E+00   0.00000E+00
   0.00000E+00   0.00000E+00   0.00000E+00   0.00000E+00   0.00000E+00   0.00000E+00
   0.00000E+00   0.00000E+00   0.00000E+00   0.00000E+00   0.00000E+00   0.00000E+00
   0.00000E+00   0.00000E+00   0.00000E+00   0.00000E+00   0.00000E+00   0.00000E+00
   0.00000E+00   0.00000E+00   0.00000E+00   0.00000E+00
   0.00000E+00   0.00000E+00   0.00000E+00   0.00000E+00   0.00000E+00   0.00000E+00
   0.00000E+00   0.00000E+00   0.00000E+00   0.00000E+00   0.00000E+00   0.00000E+00
   0.00000E+00   0.00000E+00   0.00000E+00   0.00000E+00   0.00000E+00   0.00000E+00
   0.00000E+00   0.00000E+00   0.00000E+00   0.00000E+00   0.00000E+00   0.00000E+00
   0.00000E+00   0.00000E+00   0.00000E+00   0.00000E+00   0.00000E+00   0.00000E+00
   0.00000E+00   0.00000E+00   0.00000E+00   0.00000E+00   0.00000E+00   0.00000E+00
   0.00000E+00   0.00000E+00   0.00000E+00   0.00000E+00
   0.00000E+00   0.00000E+00   0.00000E+00   0.00000E+00   0.00000E+00   0.00000E+00
   0.00000E+00   0.00000E+00   0.00000E+00   0.00000E+00   0.00000E+00   0.00000E+00
   0.00000E+00   0.00000E+00   0.00000E+00   0.00000E+00   0.00000E+00   0.00000E+00
   0.00000E+00   0.00000E+00   0.00000E+00   0.00000E+00   0.00000E+00   0.00000E+00
   0.00000E+00   0.00000E+00   0.00000E+00   0.00000E+00   0.00000E+00   0.00000E+00
   0.00000E+00   0.00000E+00   0.00000E+00   0.00000E+00   0.00000E+00   0.00000E+00
   0.00000E+00   0.00000E+00   0.00000E+00   0.00000E+00
   0.00000E+00   0.00000E+00   0.00000E+00   0.00000E+00   0.00000E+00   0.00000E+00
   0.00000E+00   0.00000E+00   0.00000E+00   0.00000E+00   0.00000E+00   0.00000E+00
   0.00000E+00   0.00000E+00   0.00000E+00   0.00000E+00   0.00000E+00   0.00000E+00
   0.00000E+00   0.00000E+00   0.00000E+00   0.00000E+00   0.00000E+00   0.00000E+00
   0.00000E+00   0.00000E+00   0.00000E+00   0.00000E+00   0.00000E+00   0.00000E+00
   0.00000E+00   0.00000E+00   0.00000E+00   0.00000E+00   0.00000E+00   0.00000E+00
   0.00000E+00   0.00000E+00   0.00000E+00   0.00000E+00
   0.00000E+00   0.00000E+00   0.00000E+00   0.00000E+00   0.00000E+00   0.00000E+00
   0.00000E+00   0.00000E+00   0.00000E+00   0.00000E+00   0.00000E+00   0.00000E+00
   0.00000E+00   0.00000E+00   0.00000E+00   0.00000E+00   0.00000E+00   0.00000E+00
   0.00000E+00   0.00000E+00   0.00000E+00   0.00000E+00   0.00000E+00   0.00000E+00
   0.00000E+00   0.00000E+00   0.00000E+00   0.00000E+00   0.00000E+00   0.00000E+00
   0.00000E+00   0.00000E+00   0.00000E+00   0.00000E+00   0.00000E+00   0.00000E+00
   0.00000E+00   0.00000E+00   0.00000E+00   0.00000E+00
   0.00000E+00   0.00000E+00   0.00000E+00   0.00000E+00   0.00000E+00   0.00000E+00
   0.00000E+00   0.00000E+00   0.00000E+00   0.00000E+00   0.00000E+00   0.00000E+00
   0.00000E+00   0.00000E+00   0.00000E+00   0.00000E+00   0.00000E+00   0.00000E+00
   0.00000E+00   0.00000E+00   0.00000E+00   0.00000E+00   0.00000E+00   0.00000E+00
   0.00000E+00   0.00000E+00   0.00000E+00   0.00000E+00   0.00000E+00   0.00000E+00
   0.00000E+00   0.00000E+00   0.00000E+00   0.00000E+00   0.00000E+00   0.00000E+00
   0.00000E+00   0.00000E+00   0.00000E+00   0.00000E+00
   0.00000E+00   0.00000E+00   0.00000E+00   0.00000E+00   0.00000E+00   0.00000E+00
   0.00000E+00   0.00000E+00   0.00000E+00   0.00000E+00   0.00000E+00   0.00000E+00
   0.00000E+00   0.00000E+00   0.00000E+00   0.00000E+00   0.00000E+00   0.00000E+00
   0.00000E+00   0.00000E+00   0.00000E+00   0.00000E+00   0.00000E+00   0.00000E+00
   0.00000E+00   0.00000E+00   0.00000E+00   0.00000E+00   0.00000E+00   0.00000E+00
   0.00000E+00   0.00000E+00   0.00000E+00   0.00000E+00   0.00000E+00   0.00000E+00
   0.00000E+00   0.00000E+00   0.00000E+00   0.00000E+00
   0.00000E+00   0.00000E+00   0.00000E+00   0.00000E+00   0.00000E+00   0.00000E+00
   0.00000E+00   0.00000E+00   0.00000E+00   0.00000E+00   0.00000E+00   0.00000E+00
   0.00000E+00   0.00000E+00   0.00000E+00   0.00000E+00   0.00000E+00   0.00000E+00
   0.00000E+00   0.00000E+00   0.00000E+00   0.00000E+00   0.00000E+00   0.00000E+00
   0.00000E+00   0.00000E+00   0.00000E+00   0.00000E+00   0.00000E+00   0.00000E+00
   0.00000E+00   0.00000E+00   0.00000E+00   0.00000E+00   0.00000E+00   0.00000E+00
   0.00000E+00   0.00000E+00   0.00000E+00   0.00000E+00
   0.00000E+00   0.00000E+00   0.00000E+00   0.00000E+00   0.00000E+00   0.00000E+00
   0.00000E+00   0.00000E+00   0.00000E+00   0.00000E+00   0.00000E+00   0.00000E+00
   0.00000E+00   0.00000E+00   0.00000E+00   0.00000E+00   0.00000E+00   0.00000E+00
   0.00000E+00   0.00000E+00   0.00000E+00   0.00000E+00   0.00000E+00   0.00000E+00
   0.00000E+00   0.00000E+00   0.00000E+00   0.00000E+00   0.00000E+00   0.00000E+00
   0.00000E+00   0.00000E+00   0.00000E+00   0.00000E+00   0.00000E+00   0.00000E+00
   0.00000E+00   0.00000E+00   0.00000E+00   0.00000E+00
   0.00000E+00   0.00000E+00   0.00000E+00   0.00000E+00   0.00000E+00   0.00000E+00
   0.00000E+00   0.00000E+00   0.00000E+00   0.00000E+00   0.00000E+00   0.00000E+00
   0.00000E+00   0.00000E+00   0.00000E+00   0.00000E+00   0.00000E+00   0.00000E+00
   0.00000E+00   0.00000E+00   0.00000E+00   0.00000E+00   0.00000E+00   0.00000E+00
   0.00000E+00   0.00000E+00   0.00000E+00   0.00000E+00   0.00000E+00   0.00000E+00
   0.00000E+00   0.00000E+00   0.00000E+00   0.00000E+00   0.00000E+00   0.00000E+00
   0.00000E+00   0.00000E+00   0.00000E+00   0.00000E+00
   0.00000E+00   0.00000E+00   0.00000E+00   0.00000E+00   0.00000E+00   0.00000E+00
   0.00000E+00  -2.38823E-14  -3.25787E-14  -2.21527E-14   0.00000E+00   0.00000E+00
   0.00000E+00   0.00000E+00   0.00000E+00   0.00000E+00   0.00000E+00   0.00000E+00
   0.00000E+00   0.00000E+00   0.00000E+00   0.00000E+00   0.00000E+00   0.00000E+00
   0.00000E+00   0.00000E+00   0.00000E+00   0.00000E+00   0.00000E+00   0.00000E+00
   0.00000E+00   0.00000E+00   0.00000E+00   0.00000E+00   0.00000E+00   0.00000E+00
   0.00000E+00   0.00000E+00   0.00000E+00   0.00000E+00
   0.00000E+00   0.00000E+00   0.00000E+00   0.00000E+00   0.00000E+00  -2.61130E-14
  -1.43364E-13  -3.92340E-13  -5.35205E-13  -3.63927E-13  -1.23352E-13  -2.08407E-14
   0.00000E+00   0.00000E+00   0.00000E+00   0.00000E+00   0.00000E+00   0.00000E+00
   0.00000E+00   0.00000E+00   0.00000E+00   0.00000E+00   0.00000E+00   0.00000E+00
   0.00000E+00   0.00000E+00   0.00000E+00   0.00000E+00   0.00000E+00   0.00000E+00
   0.00000E+00   0.00000E+00   0.00000E+00   0.00000E+00   0.00000E+00   0.00000E+00
   0.00000E+00   0.00000E+00   0.00000E+00   0.00000E+00
   0.00000E+00   0.00000E+00   0.00000E+00   0.00000E+00  -1.63465E-14  -1.80042E-13
  -9.88459E-13  -2.70508E-12  -3.69010E-12  -2.50918E-12  -8.50478E-13  -9.83423E-14
   1.03575E-13   1.47081E-13   9.32196E-14   2.94506E-14   0.00000E+00   0.00000E+00
   0.00000E+00   0.00000E+00   0.00000E+00   0.00000E+00   0.00000E+00   0.00000E+00
   0.00000E+00   0.00000E+00   0.00000E+00   0.00000E+00   0.00000E+00   0.00000E+00
   0.00000E+00   0.00000E+00   0.00000E+00   0.00000E+00   0.00000E+00   0.00000E+00
   0.00000E+00   0.00000E+00   0.00000E+00   0.00000E+00
   0.00000E+00   0.00000E+00   0.00000E+00   0.00000E+00  -4.26129E-14  -5.80678E-14
  -2.21837E-12  -7.29276E-12  -1.05085E-11  -7.23996E-12  -2.30061E-12   3.21422E-13
   1.79176E-12   2.29973E-12   1.45756E-12   4.60481E-13   7.25162E-14   0.00000E+00
   0.00000E+00   0.00000E+00   0.00000E+00   0.00000E+00   0.00000E+00   0.00000E+00
   0.00000E+00   0.00000E+00   0.00000E+00   0.00000E+00   0.00000E+00   0.00000E+00
   0.00000E+00   0.00000E+00   0.00000E+00   0.00000E+00   0.00000E+00   0.00000E+00
   0.00000E+00   0.00000E+00   0.00000E+00   0.00000E+00
   0.00000E+00   0.00000E+00   0.00000E+00   0.00000E+00   7.04021E-13  -4.22151E-13
  -1.23947E-11  -3.23529E-11  -3.46826E-11  -1.74073E-11  -3.43733E-12   3.93098E-12
   1.15910E-11   1.45345E-11   8.60278E-12   1.57917E-12  -6.02457E-13  -3.64425E-13
   0.00000E+00   0.00000E+00   0.00000E+00   0.00000E+00   0.00000E+00   0.00000E+00
   0.00000E+00   0.00000E+00   0.00000E+00   0.00000E+00   0.00000E+00   0.00000E+00
   0.00000E+00   0.00000E+00   0.00000E+00   0.00000E+00   0.00000E+00   0.00000E+00
   0.00000E+00   0.00000E+00   0.00000E+00   0.00000E+00
   0.00000E+00   0.00000E+00  -2.23516E-13  -2.57855E-12  -4.18521E-11  -2.98177E-10
  -9.95644E-10  -1.58681E-09  -1.20703E-09  -4.25324E-10  -5.89941E-11   1.14223E-11
   3.23168E-11   3.89411E-11   1.96363E-11  -1.40791E-12  -5.92454E-12  -2.56557E-12
  -4.80731E-13   0.00000E+00   0.00000E+00   0.00000E+00   0.00000E+00   0.00000E+00
   0.00000E+00   0.00000E+00   0.00000E+00   0.00000E+00   0.00000E+00   0.00000E+00
   0.00000E+00   0.00000E+00   0.00000E+00   0.00000E+00   0.00000E+00   0.00000E+00
   0.00000E+00   0.00000E+00   0.00000E+00   0.00000E+00
   0.00000E+00   0.00000E+00  -2.89454E-12  -7.60138E-11  -9.71011E-10  -6.08832E-09
  -1.87639E-08  -2.83315E-08  -2.06528E-08  -6.93873E-09  -8.96896E-10   2.27139E-11
   4.69464E-11   4.25039E-11   1.20806E-11  -1.78542E-11  -1.89200E-11  -7.38452E-12
  -1.33346E-12   2.47599E-14   0.00000E+00   0.00000E+00   0.00000E+00   0.00000E+00
   0.00000E+00   0.00000E+00   0.00000E+00   0.00000E+00   0.00000E+00   0.00000E+00
   0.00000E+00   0.00000E+00   0.00000E+00   0.00000E+00   0.00000E+00   0.00000E+00
   0.00000E+00   0.00000E+00   0.00000E+00   0.00000E+00
   0.00000E+00  -4.95105E-13  -2.30971E-11  -5.74926E-10  -7.09690E-09  -4.34339E-08
  -1.31516E-07  -1.95627E-07  -1.40152E-07  -4.56427E-08  -5.38882E-09   1.69183E-10
   8.57867E-11   1.93966E-11  -7.27671E-12  -2.79379E-11  -2.34646E-11  -8.77136E-12
  -1.53775E-12   4.20173E-14   0.00000E+00   0.00000E+00   0.00000E+00   0.00000E+00
   0.00000E+00   0.00000E+00   0.00000E+00   0.00000E+00   0.00000E+00   0.00000E+00
   0.00000E+00   0.00000E+00   0.00000E+00   0.00000E+00   0.00000E+00   0.00000E+00
   0.00000E+00   0.00000E+00   0.00000E+00   0.00000E+00
   0.00000E+00  -1.40538E-12  -6.82035E-11  -1.67759E-09  -2.05331E-08  -1.24852E-07
  -3.75855E-07  -5.55266E-07  -3.93887E-07  -1.27123E-07  -1.64106E-08  -8.92733E-10
  -2.10535E-10  -4.16350E-11  -1.09964E-11  -1.53950E-11  -1.18609E-11  -4.31504E-12
  -7.08563E-13   5.12925E-14   9.07278E-15   0.00000E+00   0.00000E+00   0.00000E+00
   0.00000E+00   0.00000E+00   0.00000E+00   0.00000E+00   0.00000E+00   0.00000E+00
   0.00000E+00   0.00000E+00   0.00000E+00   0.00000E+00   0.00000E+00   0.00000E+00
   0.00000E+00   0.00000E+00   0.00000E+00   0.00000E+00
   0.00000E+00  -1.67426E-12  -8.20839E-11  -2.01247E-09  -2.45720E-08  -1.49077E-07
  -4.47745E-07  -6.60896E-07  -4.76006E-07  -1.74882E-07  -4.65078E-08  -1.46824E-08
  -3.50902E-09  -4.29972E-10  -2.74590E-11  -4.06379E-12  -2.46920E-12  -8.39812E-13
  -5.73010E-14   7.35408E-14   3.12262E-14   0.00000E+00   0.00000E+00   0.00000E+00
   0.00000E+00   0.00000E+00   0.00000E+00   0.00000E+00   0.00000E+00   0.00000E+00
   0.00000E+00   0.00000E+00   0.00000E+00   0.00000E+00   0.00000E+00   0.00000E+00
   0.00000E+00   0.00000E+00   0.00000E+00   0.00000E+00
   0.00000E+00  -8.37106E-13  -4.11903E-11  -1.00778E-09  -1.22964E-08  -7.45852E-08
  -2.24821E-07  -3.40825E-07  -2.83846E-07  -1.79194E-07  -1.10935E-07  -4.82716E-08
  -1.11856E-08  -1.29273E-09  -7.35393E-11  -8.39160E-13   1.72006E-12   1.24318E-12
   4.79682E-13   1.06228E-13   4.51055E-14   9.54677E-15   0.00000E+00   0.00000E+00
   0.00000E+00   0.00000E+00   0.00000E+00   0.00000E+00   0.00000E+00   0.00000E+00
   0.00000E+00   0.00000E+00   0.00000E+00   0.00000E+00   0.00000E+00   0.00000E+00
   0.00000E+00   0.00000E+00   0.00000E+00   0.00000E+00
   0.00000E+00  -1.75659E-13  -8.64338E-12  -2.12105E-10  -2.58372E-09  -1.57698E-08
  -4.91908E-08  -8.75096E-08  -1.20706E-07  -1.52166E-07  -1.29380E-07  -5.89061E-08
  -1.35021E-08  -1.54126E-09  -8.38266E-11   9.07280E-12   1.46333E-11   9.03273E-12
   2.80221E-12   4.76681E-13   2.73445E-14   0.00000E+00   0.00000E+00   0.00000E+00
   0.00000E+00   0.00000E+00   0.00000E+00   0.00000E+00   0.00000E+00   0.00000E+00
   0.00000E+00   0.00000E+00   0.00000E+00   0.00000E+00   0.00000E+00   0.00000E+00
   0.00000E+00   0.00000E+00   0.00000E+00   0.00000E+00
   0.00000E+00   0.00000E+00  -7.61207E-13  -1.86704E-11  -2.29846E-10  -1.46098E-09
  -5.43612E-09  -1.60092E-08  -4.15417E-08  -7.05637E-08  -6.39944E-08  -2.92987E-08
  -6.70595E-09  -7.79127E-10  -4.73019E-11   2.70897E-11   4.46659E-11   2.85818E-11
   8.80897E-12   1.34546E-12   0.00000E+00   0.00000E+00   0.00000E+00   0.00000E+00
   0.00000E+00   0.00000E+00   0.00000E+00   0.00000E+00   0.00000E+00   0.00000E+00
   0.00000E+00   0.00000E+00   0.00000E+00   0.00000E+00   0.00000E+00   0.00000E+00
   0.00000E+00   0.00000E+00   0.00000E+00   0.00000E+00
   0.00000E+00   0.00000E+00   0.00000E+00  -6.90087E-13  -9.08243E-12  -6.95885E-11
  -4.33630E-10  -2.32348E-09  -7.95273E-09  -1.44709E-08  -1.33332E-08  -6.19945E-09
  -1.52901E-09  -3.24863E-10  -1.51351E-10  -3.52362E-11   4.00726E-11   3.58551E-11
   1.16626E-11   1.79817E-12   0.00000E+00   0.00000E+00   0.00000E+00   0.00000E+00
   0.00000E+00   0.00000E+00   0.00000E+00   0.00000E+00   0.00000E+00   0.00000E+00
   0.00000E+00   0.00000E+00   0.00000E+00   0.00000E+00   0.00000E+00   0.00000E+00
   0.00000E+00   0.00000E+00   0.00000E+00   0.00000E+00
   0.00000E+00   0.00000E+00   0.00000E+00   0.00000E+00   0.00000E+00  -2.46909E-12
  -2.70091E-11  -1.89681E-10  -7.29168E-10  -1.50385E-09  -1.74455E-09  -1.25142E-09
  -7.41547E-10  -6.33178E-10  -5.60315E-10  -2.75063E-10  -4.63292E-11   1.06575E-11
   5.95727E-12   1.02105E-12   0.00000E+00   0.00000E+00   0.00000E+00   0.00000E+00
   0.00000E+00   0.00000E+00   0.00000E+00   0.00000E+00   0.00000E+00   0.00000E+00
   0.00000E+00   0.00000E+00   0.00000E+00   0.00000E+00   0.00000E+00   0.00000E+00
   0.00000E+00   0.00000E+00   0.00000E+00   0.00000E+00
   0.00000E+00   0.00000E+00   0.00000E+00   0.00000E+00   0.00000E+00   0.00000E+00
  -2.00447E-12  -2.33036E-11  -1.75165E-10  -7.01782E-10  -1.46466E-09  -1.62751E-09
  -1.18365E-09  -9.72283E-10  -8.36437E-10  -4.35592E-10  -1.09425E-10  -1.02400E-11
   7.23807E-13   0.00000E+00   0.00000E+00   0.00000E+00   0.00000E+00   0.00000E+00
   0.00000E+00   0.00000E+00   0.00000E+00   0.00000E+00   0.00000E+00   0.00000E+00
   0.00000E+00   0.00000E+00   0.00000E+00   0.00000E+00   0.00000E+00   0.00000E+00
   0.00000E+00   0.00000E+00   0.00000E+00   0.00000E+00
   0.00000E+00   0.00000E+00   0.00000E+00   0.00000E+00   0.00000E+00   0.00000E+00
  -1.08210E-12  -1.83169E-11  -1.54341E-10  -6.54199E-10  -1.39000E-09  -1.51885E-09
  -9.94643E-10  -6.59992E-10  -5.08927E-10  -2.47519E-10  -5.23466E-11  -2.53106E-13
   1.23467E-12   1.97275E-13   0.00000E+00   0.00000E+00   0.00000E+00   0.00000E+00
   0.00000E+00   0.00000E+00   0.00000E+00   0.00000E+00   0.00000E+00   0.00000E+00
   0.00000E+00   0.00000E+00   0.00000E+00   0.00000E+00   0.00000E+00   0.00000E+00
   0.00000E+00   0.00000E+00   0.00000E+00   0.00000E+00
   0.00000E+00   0.00000E+00   0.00000E+00   0.00000E+00   0.00000E+00   0.00000E+00
  -4.47230E-13  -7.57038E-12  -6.38764E-11  -2.69898E-10  -5.69832E-10  -6.11188E-10
  -3.68138E-10  -1.86805E-10  -9.14923E-11   1.01754E-11   4.86402E-11   2.59277E-11
   5.64441E-12   5.92126E-13   0.00000E+00   0.00000E+00   0.00000E+00   0.00000E+00
   0.00000E+00   0.00000E+00   0.00000E+00   0.00000E+00   0.00000E+00   0.00000E+00
   0.00000E+00   0.00000E+00   0.00000E+00   0.00000E+00   0.00000E+00   0.00000E+00
   0.00000E+00   0.00000E+00   0.00000E+00   0.00000E+00
   0.00000E+00   0.00000E+00   0.00000E+00   0.00000E+00   0.00000E+00   0.00000E+00
  -7.75760E-14  -1.31315E-12  -1.10799E-11  -4.66010E-11  -9.81971E-11  -1.04163E-10
  -5.68106E-11  -8.57277E-12   4.68837E-11   9.70933E-11   8.48372E-11   3.57022E-11
   7.33823E-12   7.45910E-13   0.00000E+00   0.00000E+00   0.00000E+00   0.00000E+00
   0.00000E+00   0.00000E+00   0.00000E+00   0.00000E+00   0.00000E+00   0.00000E+00
   0.00000E+00   0.00000E+00   0.00000E+00   0.00000E+00   0.00000E+00   0.00000E+00
   0.00000E+00   0.00000E+00   0.00000E+00   0.00000E+00
   0.00000E+00   0.00000E+00   0.00000E+00   0.00000E+00   0.00000E+00   0.00000E+00
   0.00000E+00  -9.55961E-14  -8.06608E-13  -3.39252E-12  -7.11243E-12  -7.43276E-12
  -2.54591E-12   8.86540E-12   3.30260E-11   5.57715E-11   4.65065E-11   1.90255E-11
   3.87967E-12   3.94357E-13   0.00000E+00   0.00000E+00   0.00000E+00   0.00000E+00
   0.00000E+00   0.00000E+00   0.00000E+00   0.00000E+00   0.00000E+00   0.00000E+00
   0.00000E+00   0.00000E+00   0.00000E+00   0.00000E+00   0.00000E+00   0.00000E+00
   0.00000E+00   0.00000E+00   0.00000E+00   0.00000E+00
   0.00000E+00   0.00000E+00   0.00000E+00   0.00000E+00   0.00000E+00   0.00000E+00
   0.00000E+00   0.00000E+00   0.00000E+00  -1.03652E-13  -2.17308E-13  -2.27095E-13
   2.30620E-13   2.31206E-12   7.63681E-12   1.25736E-11   1.03192E-11   4.22152E-12
   8.60851E-13   0.00000E+00   0.00000E+00   0.00000E+00   0.00000E+00   0.00000E+00
   0.00000E+00   0.00000E+00   0.00000E+00   0.00000E+00   0.00000E+00   0.00000E+00
   0.00000E+00   0.00000E+00   0.00000E+00   0.00000E+00   0.00000E+00   0.00000E+00
   0.00000E+00   0.00000E+00   0.00000E+00   0.00000E+00
   0.00000E+00   0.00000E+00   0.00000E+00   0.00000E+00   0.00000E+00   0.00000E+00
   0.00000E+00   0.00000E+00   0.00000E+00   0.00000E+00   0.00000E+00   0.00000E+00
   0.00000E+00   2.15310E-13   7.11175E-13   1.17092E-12   9.60973E-13   3.93128E-13
   0.00000E+00   0.00000E+00   0.00000E+00   0.00000E+00   0.00000E+00   0.00000E+00
   0.00000E+00   0.00000E+00   0.00000E+00   0.00000E+00   0.00000E+00   0.00000E+00
   0.00000E+00   0.00000E+00   0.00000E+00   0.00000E+00   0.00000E+00   0.00000E+00
   0.00000E+00   0.00000E+00   0.00000E+00   0.00000E+00
   0.00000E+00   0.00000E+00   0.00000E+00   0.00000E+00   0.00000E+00   0.00000E+00
   0.00000E+00   0.00000E+00   0.00000E+00   0.00000E+00   0.00000E+00   0.00000E+00
   0.00000E+00   0.00000E+00   0.00000E+00   0.00000E+00   0.00000E+00   0.00000E+00
   0.00000E+00   0.00000E+00   0.00000E+00   0.00000E+00   0.00000E+00   0.00000E+00
   0.00000E+00   0.00000E+00   0.00000E+00   0.00000E+00   0.00000E+00   0.00000E+00
   0.00000E+00   0.00000E+00   0.00000E+00   0.00000E+00   0.00000E+00   0.00000E+00
   0.00000E+00   0.00000E+00   0.00000E+00   0.00000E+00
   0.00000E+00   0.00000E+00   0.00000E+00   0.00000E+00   0.00000E+00   0.00000E+00
   0.00000E+00   0.00000E+00   0.00000E+00   0.00000E+00   0.00000E+00   0.00000E+00
   0.00000E+00   0.00000E+00   0.00000E+00   0.00000E+00   0.00000E+00   0.00000E+00
   0.00000E+00   0.00000E+00   0.00000E+00   0.00000E+00   0.00000E+00   0.00000E+00
   0.00000E+00   0.00000E+00   0.00000E+00   0.00000E+00   0.00000E+00   0.00000E+00
   0.00000E+00   0.00000E+00   0.00000E+00   0.00000E+00   0.00000E+00   0.00000E+00
   0.00000E+00   0.00000E+00   0.00000E+00   0.00000E+00
   0.00000E+00   0.00000E+00   0.00000E+00   0.00000E+00   0.00000E+00   0.00000E+00
   0.00000E+00   0.00000E+00   0.00000E+00   0.00000E+00   0.00000E+00   0.00000E+00
   0.00000E+00   0.00000E+00   0.00000E+00   0.00000E+00   0.00000E+00   0.00000E+00
   0.00000E+00   0.00000E+00   0.00000E+00   0.00000E+00   0.00000E+00   0.00000E+00
   0.00000E+00   0.00000E+00   0.00000E+00   0.00000E+00   0.00000E+00   0.00000E+00
   0.00000E+00   0.00000E+00   0.00000E+00   0.00000E+00   0.00000E+00   0.00000E+00
   0.00000E+00   0.00000E+00   0.00000E+00   0.00000E+00
   0.00000E+00   0.00000E+00   0.00000E+00   0.00000E+00   0.00000E+00   0.00000E+00
   0.00000E+00   0.00000E+00   0.00000E+00   0.00000E+00   0.00000E+00   0.00000E+00
   0.00000E+00   0.00000E+00   0.00000E+00   0.00000E+00   0.00000E+00   0.00000E+00
   0.00000E+00   0.00000E+00   0.00000E+00   0.00000E+00   0.00000E+00   0.00000E+00
   0.00000E+00   0.00000E+00   0.00000E+00   0.00000E+00   0.00000E+00   0.00000E+00
   0.00000E+00   0.00000E+00   0.00000E+00   0.00000E+00   0.00000E+00   0.00000E+00
   0.00000E+00   0.00000E+00   0.00000E+00   0.00000E+00
   0.00000E+00   0.00000E+00   0.00000E+00   0.00000E+00   0.00000E+00   0.00000E+00
   0.00000E+00   0.00000E+00   0.00000E+00   0.00000E+00   0.00000E+00   0.00000E+00
   0.00000E+00   0.00000E+00   0.00000E+00   0.00000E+00   0.00000E+00   0.00000E+00
   0.00000E+00   0.00000E+00   0.00000E+00   0.00000E+00   0.00000E+00   0.00000E+00
   0.00000E+00   0.00000E+00   0.00000E+00   0.00000E+00   0.00000E+00   0.00000E+00
   0.00000E+00   0.00000E+00   0.00000E+00   0.00000E+00   0.00000E+00   0.00000E+00
   0.00000E+00   0.00000E+00   0.00000E+00   0.00000E+00
   0.00000E+00   0.00000E+00   0.00000E+00   0.00000E+00   0.00000E+00   0.00000E+00
   0.00000E+00   0.00000E+00   0.00000E+00   0.00000E+00   0.00000E+00   0.00000E+00
   0.00000E+00   0.00000E+00   0.00000E+00   0.00000E+00   0.00000E+00   0.00000E+00
   0.00000E+00   0.00000E+00   0.00000E+00   0.00000E+00   0.00000E+00   0.00000E+00
   0.00000E+00   0.00000E+00   0.00000E+00   0.00000E+00   0.00000E+00   0.00000E+00
   0.00000E+00   0.00000E+00   0.00000E+00   0.00000E+00   0.00000E+00   0.00000E+00
   0.00000E+00   0.00000E+00   0.00000E+00   0.00000E+00
   0.00000E+00   0.00000E+00   0.00000E+00   0.00000E+00   0.00000E+00   0.00000E+00
   0.00000E+00   0.00000E+00   0.00000E+00   0.00000E+00   0.00000E+00   0.00000E+00
   0.00000E+00   0.00000E+00   0.00000E+00   0.00000E+00   0.00000E+00   0.00000E+00
   0.00000E+00   0.00000E+00   0.00000E+00   0.00000E+00   0.00000E+00   0.00000E+00
   0.00000E+00   0.00000E+00   0.00000E+00   0.00000E+00   0.00000E+00   0.00000E+00
   0.00000E+00   0.00000E+00   0.00000E+00   0.00000E+00   0.00000E+00   0.00000E+00
   0.00000E+00   0.00000E+00   0.00000E+00   0.00000E+00
   0.00000E+00   0.00000E+00   0.00000E+00   0.00000E+00   0.00000E+00   0.00000E+00
   0.00000E+00   0.00000E+00   0.00000E+00   0.00000E+00   0.00000E+00   0.00000E+00
   0.00000E+00   0.00000E+00   0.00000E+00   0.00000E+00   0.00000E+00   0.00000E+00
   0.00000E+00   0.00000E+00   0.00000E+00   0.00000E+00   0.00000E+00   0.00000E+00
   0.00000E+00   0.00000E+00   0.00000E+00   0.00000E+00   0.00000E+00   0.00000E+00
   0.00000E+00   0.00000E+00   0.00000E+00   0.00000E+00   0.00000E+00   0.00000E+00
   0.00000E+00   0.00000E+00   0.00000E+00   0.00000E+00
   0.00000E+00   0.00000E+00   0.00000E+00   0.00000E+00   0.00000E+00   0.00000E+00
   0.00000E+00   0.00000E+00   0.00000E+00   0.00000E+00   0.00000E+00   0.00000E+00
   0.00000E+00   0.00000E+00   0.00000E+00   0.00000E+00   0.00000E+00   0.00000E+00
   0.00000E+00   0.00000E+00   0.00000E+00   0.00000E+00   0.00000E+00   0.00000E+00
   0.00000E+00   0.00000E+00   0.00000E+00   0.00000E+00   0.00000E+00   0.00000E+00
   0.00000E+00   0.00000E+00   0.00000E+00   0.00000E+00   0.00000E+00   0.00000E+00
   0.00000E+00   0.00000E+00   0.00000E+00   0.00000E+00
   0.00000E+00   0.00000E+00   0.00000E+00   0.00000E+00   0.00000E+00   0.00000E+00
   0.00000E+00   0.00000E+00   0.00000E+00   0.00000E+00   0.00000E+00   0.00000E+00
   0.00000E+00   0.00000E+00   0.00000E+00   0.00000E+00   0.00000E+00   0.00000E+00
   0.00000E+00   0.00000E+00   0.00000E+00   0.00000E+00   0.00000E+00   0.00000E+00
   0.00000E+00   0.00000E+00   0.00000E+00   0.00000E+00   0.00000E+00   0.00000E+00
   0.00000E+00   0.00000E+00   0.00000E+00   0.00000E+00   0.00000E+00   0.00000E+00
   0.00000E+00   0.00000E+00   0.00000E+00   0.00000E+00
   0.00000E+00   0.00000E+00   0.00000E+00   0.00000E+00   0.00000E+00   0.00000E+00
   0.00000E+00   0.00000E+00   0.00000E+00   0.00000E+00   0.00000E+00   0.00000E+00
   0.00000E+00   0.00000E+00   0.00000E+00   0.00000E+00   0.00000E+00   0.00000E+00
   0.00000E+00   0.00000E+00   0.00000E+00   0.00000E+00   0.00000E+00   0.00000E+00
   0.00000E+00   0.00000E+00   0.00000E+00   0.00000E+00   0.00000E+00   0.00000E+00
   0.00000E+00   0.00000E+00   0.00000E+00   0.00000E+00   0.00000E+00   0.00000E+00
   0.00000E+00   0.00000E+00   0.00000E+00   0.00000E+00
   0.00000E+00   0.00000E+00   0.00000E+00   0.00000E+00   0.00000E+00   0.00000E+00
   0.00000E+00   0.00000E+00   0.00000E+00   0.00000E+00   0.00000E+00   0.00000E+00
   0.00000E+00   0.00000E+00   0.00000E+00   0.00000E+00   0.00000E+00   0.00000E+00
   0.00000E+00   0.00000E+00   0.00000E+00   0.00000E+00   0.00000E+00   0.00000E+00
   0.00000E+00   0.00000E+00   0.00000E+00   0.00000E+00   0.00000E+00   0.00000E+00
   0.00000E+00   0.00000E+00   0.00000E+00   0.00000E+00   0.00000E+00   0.00000E+00
   0.00000E+00   0.00000E+00   0.00000E+00   0.00000E+00
   0.00000E+00   0.00000E+00   0.00000E+00   0.00000E+00   0.00000E+00   0.00000E+00
   0.00000E+00   0.00000E+00   0.00000E+00   0.00000E+00   0.00000E+00   0.00000E+00
   0.00000E+00   0.00000E+00   0.00000E+00   0.00000E+00   0.00000E+00   0.00000E+00
   0.00000E+00   0.00000E+00   0.00000E+00   0.00000E+00   0.00000E+00   0.00000E+00
   0.00000E+00   0.00000E+00   0.00000E+00   0.00000E+00   0.00000E+00   0.00000E+00
   0.00000E+00   0.00000E+00   0.00000E+00   0.00000E+00   0.00000E+00   0.00000E+00
   0.00000E+00   0.00000E+00   0.00000E+00   0.00000E+00
   0.00000E+00   0.00000E+00   0.00000E+00   0.00000E+00   0.00000E+00   0.00000E+00
   0.00000E+00   0.00000E+00   0.00000E+00   0.00000E+00   0.00000E+00   0.00000E+00
   0.00000E+00   0.00000E+00   0.00000E+00   0.00000E+00   0.00000E+00   0.00000E+00
   0.00000E+00   0.00000E+00   0.00000E+00   0.00000E+00   0.00000E+00   0.00000E+00
   0.00000E+00   0.00000E+00   0.00000E+00   0.00000E+00   0.00000E+00   0.00000E+00
   0.00000E+00   0.00000E+00   0.00000E+00   0.00000E+00   0.00000E+00   0.00000E+00
   0.00000E+00   0.00000E+00   0.00000E+00   0.00000E+00
   0.00000E+00   0.00000E+00   0.00000E+00   0.00000E+00   0.00000E+00   0.00000E+00
   0.00000E+00   0.00000E+00   0.00000E+00   0.00000E+00   0.00000E+00   0.00000E+00
   0.00000E+00   0.00000E+00   0.00000E+00   0.00000E+00   0.00000E+00   0.00000E+00
   0.00000E+00   0.00000E+00   0.00000E+00   0.00000E+00   0.00000E+00   0.00000E+00
   0.00000E+00   0.00000E+00   0.00000E+00   0.00000E+00   0.00000E+00   0.00000E+00
   0.00000E+00   0.00000E+00   0.00000E+00   0.00000E+00   0.00000E+00   0.00000E+00
   0.00000E+00   0.00000E+00   0.00000E+00   0.00000E+00
   0.00000E+00   0.00000E+00   0.00000E+00   0.00000E+00   0.00000E+00   0.00000E+00
   0.00000E+00   0.00000E+00   0.00000E+00   0.00000E+00   0.00000E+00   0.00000E+00
   0.00000E+00   0.00000E+00   0.00000E+00   0.00000E+00   0.00000E+00   0.00000E+00
   0.00000E+00   0.00000E+00   0.00000E+00   0.00000E+00   0.00000E+00   0.00000E+00
   0.00000E+00   0.00000E+00   0.00000E+00   0.00000E+00   0.00000E+00   0.00000E+00
   0.00000E+00   0.00000E+00   0.00000E+00   0.00000E+00   0.00000E+00   0.00000E+00
   0.00000E+00   0.00000E+00   0.00000E+00   0.00000E+00
   0.00000E+00   0.00000E+00   0.00000E+00   0.00000E+00   0.00000E+00   0.00000E+00
