time_fs,PYR2,PYR3,PYR4,PYR5
0.0,0.0,0.0,0.0,1.0
10.0,5.530501012153961e-07,0.003794498202486382,0.21868529444623214,0.7775196543011802
20.0,3.0319540327912525e-05,0.049398280625888046,0.6096563310344636,0.3409150687993205
30.0,0.00027673657422469836,0.1822339481620426,0.7349642817497283,0.08252503351400443
40.0,0.0011657397615022955,0.37330611990663726,0.4870264263156918,0.1385017140161687
50.0,0.003121896739062647,0.5202116415573389,0.16831816205763056,0.3083482996459678
60.0,0.006142958006515761,0.5362223654930005,0.12107195666378215,0.33656271983670144
70.0,0.009638124870152169,0.4290951065646694,0.35580248632980094,0.2054642822353773
80.0,0.012768246823243234,0.2873193568118415,0.579004100367796,0.12090829599711897
90.0,0.015013636754460139,0.1949701786627783,0.5452928276858336,0.24472335689692784
100.0,0.016454138340969142,0.1674475952114163,0.317535704542125,0.4985625619054896
110.0,0.01753731473863405,0.16672417861013827,0.1642519013725569,0.6514866052786706
120.0,0.018610345345272075,0.16406249919636,0.24547968176173893,0.571847473696629
130.0,0.019675116764648823,0.17382823558808816,0.4502296293259296,0.3562670183213334
140.0,0.020539954829180182,0.22555879031529716,0.5448762829600546,0.2090249718954678
150.0,0.021128862161291118,0.31497170920254663,0.43830323588516906,0.22559619275099282
160.0,0.02160124516618757,0.3945910992532353,0.2646827400490057,0.3191249155315712
170.0,0.02219407400127809,0.4151563290457233,0.21443994530676544,0.34820965164623296
180.0,0.023000877428158813,0.37133021545709566,0.3233939581652173,0.2822749489495281
190.0,0.023928518588877342,0.30322990295272456,0.45206088289637664,0.22078069556202123
200.0,0.024841611336228232,0.2557923117729485,0.4562573070326916,0.2631087698581316
210.0,0.025703440318455978,0.24139203223687736,0.34356234578559275,0.38934218165907364
220.0,0.026562971581709362,0.24183204013885545,0.24823812961619138,0.4833668586632435
230.0,0.027438355153713564,0.23977159120277247,0.2717992970244795,0.46099075661903405
240.0,0.028261794956080766,0.24035815456765186,0.37636337329760483,0.3550166771786621
250.0,0.02895934046290645,0.26056383940328065,0.4403151553884751,0.2701616647453373
260.0,0.029567247029713573,0.30275975695333507,0.3984504419950343,0.2692225540219165
270.0,0.030238718693956772,0.3453089521348606,0.306056552791631,0.318395776379551
280.0,0.031119175317423062,0.36115043405560154,0.2661270838419558,0.34160330678501905
290.0,0.03221597728820944,0.3432762352186568,0.3133089783611812,0.3111988091319522
300.0,0.03339473450157374,0.3097202719558355,0.38452048894132146,0.272364504601269
310.0,0.03449990705808617,0.28453646688012657,0.3982532622545655,0.28271036380722137
320.0,0.035474743807306496,0.2765551232964175,0.3448262845366076,0.34314384835966794
330.0,0.03637143926718851,0.27724171915101614,0.28888303039723456,0.39750381118456046
340.0,0.03726537167422855,0.2761510890025012,0.29114844338784623,0.3954350959354238
350.0,0.03817782664564187,0.27426774972146983,0.3429343283913309,0.34462009524155734
360.0,0.03908137115242075,0.28084369973726686,0.3828313628631163,0.29724356624719606
370.0,0.03996069928492837,0.2995644560315782,0.36860502746492263,0.2918698172185709
380.0,0.040846867540657826,0.32128588160364374,0.32062812026005416,0.31723913059564457
390.0,0.04178606360349691,0.33172056607641154,0.2930824570638543,0.33341091325623756
400.0,0.042784577559297515,0.32513516148819444,0.31193496676975685,0.3201452941827516
410.0,0.04379604887207607,0.30910464815517597,0.3502469382352965,0.29685236473745186
420.0,0.04476466284451017,0.29608725611336023,0.36328766175431926,0.2958604192878107
430.0,0.04567480242153382,0.2917962796454577,0.3388943462588817,0.32363457167412707
440.0,0.04655457832324914,0.2924466970694324,0.30700460049310635,0.3539941241142122
450.0,0.04743531128197331,0.2920557512740085,0.3025883895731106,0.3579205478709075
460.0,0.04831609344371643,0.2902400350871444,0.3271844138118141,0.3342594576573252
470.0,0.04917147753513521,0.291851420823739,0.350776248601751,0.30820085303937483
480.0,0.04998895359118999,0.29994901184942796,0.34757628195488494,0.30248575260449717
490.0,0.050791058618454954,0.31091553754508067,0.3233637781283516,0.314929625708113
500.0,0.051617425882418515,0.3173447003377734,0.3057915508959161,0.32524632288389244
510.0,0.052487665197044335,0.3152344921518235,0.3121945710074856,0.3200832716436469
520.0,0.053385094850205456,0.30753484673036363,0.33211233111708677,0.3069677273023443
530.0,0.05427610296347966,0.30063425566714486,0.3417427972876375,0.3033468440817382
540.0,0.05514174840455043,0.2981244244826353,0.3311736107272003,0.3155602163856141
550.0,0.055988902594349924,0.29849529098751265,0.3135639856000282,0.33195182081810953
560.0,0.0568340912942948,0.2984179222543268,0.30835480207018434,0.3363931843811945
570.0,0.05768241934760475,0.2971579275444332,0.31951595291193813,0.3256437001960243
580.0,0.05852514563350821,0.2971085261788377,0.3328901369192181,0.3114761912684363
590.0,0.0593551857231062,0.3003636816932085,0.3334190460083225,0.3068620865753631
600.0,0.06017970730678364,0.30568106950681007,0.32147479373508964,0.31266442945131695
610.0,0.061014526876612185,0.3093477880660158,0.3107649016828856,0.31887278337448666
620.0,0.061867195694496585,0.308834717628146,0.3120975978586685,0.31720048881868934
630.0,0.06272822917530586,0.30514148543541364,0.3220818232656987,0.31004846212358217
640.0,0.06357990195074015,0.30147114847466217,0.32840254076162245,0.3065464088129756
650.0,0.06441244103220246,0.2999775043495958,0.3241336418584593,0.3114764127597428
660.0,0.06523048541680761,0.30013987082230065,0.3146298745365884,0.3199997692243035
670.0,0.06604464470023866,0.30015324323750187,0.31037506169068785,0.3234270503715718
680.0,0.06685911766509872,0.2993518621046392,0.3150651273090522,0.31872389292121006
690.0,0.06766894030875518,0.29886409413595955,0.32233037680521054,0.31113658875007505
700.0,0.0684682806267489,0.3000032989629925,0.32369458743123,0.307833832979029
710.0,0.06925902862355576,0.3024705208113431,0.3179451020982637,0.3103253484668376
720.0,0.07004984013302011,0.30445612125746085,0.31164278327445516,0.31385125533506414
730.0,0.07084731434060607,0.3044426250916891,0.31119535937497156,0.31351470119273356
740.0,0.07164948075855898,0.30265686334025155,0.31597741967053256,0.3097162362306571
750.0,0.07244837945530883,0.3006663607223596,0.3198033409257972,0.3070819188965345
760.0,0.07323817479975094,0.2997268814693814,0.3182353459478127,0.3087995977830551
770.0,0.07401982746316027,0.2997288587752949,0.3131883149172701,0.3130629988442749
780.0,0.07479811001941333,0.29972605334980773,0.31015668404629476,0.31531915258448456
790.0,0.07557539833851427,0.2992264077790713,0.3118739460565735,0.31332424782584123
800.0,0.07634946115202386,0.29872611171881197,0.3156492211764351,0.3092752059527292
810.0,0.07711710644576827,0.2989939762225332,0.31685654404367225,0.3070323732880265
820.0,0.07787880704279043,0.30005308266182207,0.31413471804198284,0.30793339225340505
830.0,0.07863881719314321,0.3010500294026632,0.31049610948430867,0.3098150439198851
840.0,0.07940081639671612,0.30111389363736235,0.30959750629281785,0.30988778367310404
850.0,0.08016410385346946,0.30021114591181225,0.3117305838718565,0.3078941663628623
860.0,0.08092442125982059,0.2990902592907209,0.31388886334781696,0.30609645610164193
870.0,0.08167820133288038,0.29846476633057933,0.3133860867539803,0.30647094558256033
880.0,0.08242555063912235,0.29836849314594927,0.31072515135556245,0.30848080485936624
890.0,0.08316913488930644,0.2983190277608126,0.3087018362337805,0.30981000111610074
900.0,0.08391077082097739,0.297986960112085,0.3091273492553089,0.30897491981162906
910.0,0.08464967642305064,0.29757017323343654,0.31097342850079607,0.3068067218427171
920.0,0.08538399326674243,0.2974984015708958,0.31178857786514214,0.3053290272972199
930.0,0.0861134210609429,0.297875396870384,0.31049753371949856,0.30551364834917477
940.0,0.08683983634831727,0.2983156084786726,0.30840956238969836,0.3064349927833119
950.0,0.08756532946094048,0.29833611275437877,0.30754411225795736,0.30655444552672345
960.0,0.08829000916914989,0.2978410888602021,0.3083764147745417,0.30549248719610644
970.0,0.08901198369127336,0.2971755263997184,0.3094996731957058,0.30431281671330274
980.0,0.0897293636986645,0.2967345719122312,0.30935573184434884,0.3041803325447557
990.0,0.09044199462927566,0.29658569660329004,0.30793631037672253,0.3050359983907121
1000.0,0.09115117153233032,0.29649138572527656,0.3066207050019388,0.3057367377404545
1010.0,0.09185793760680269,0.2962457490584548,0.3065310603983997,0.3053652529363429
1020.0,0.09256199139177237,0.2959150640982115,0.3073455658939132,0.3041773786161031
1030.0,0.09326230268629121,0.29572994150325743,0.3078017318759473,0.30320602393450435
1040.0,0.09395853341546198,0.29578935727601274,0.30716094483678574,0.3030911644717398
1050.0,0.09465156970326798,0.2959281770267319,0.30594743864645574,0.3034728146235447
1060.0,0.095342619697174,0.2958863484033966,0.3052437615013833,0.30352727039804644
1070.0,0.0960319629085721,0.2955747436348195,0.3054622059049152,0.3029310875516936
1080.0,0.0967187281829942,0.29514574503225943,0.3059758755283733,0.3021596512563734
1090.0,0.09740185016346427,0.29481351544450546,0.30591223377689303,0.30187240061513754
1100.0,0.09808108954339509,0.2946399758769909,0.3051235210105514,0.30215541356906295
1110.0,0.098757063236208,0.29451276530128107,0.3042664363552893,0.30246373510722174
1120.0,0.09943040465594792,0.2943091377413422,0.3040033642006525,0.3022570934020575
1130.0,0.10010107682324206,0.2940421145649029,0.3042849160574429,0.3015718925544122
1140.0,0.10076855650217481,0.2938307953943973,0.3044800696796606,0.30092057842376735
1150.0,0.10143256689422289,0.2937481504207679,0.3041204224157338,0.30069886026927556
1160.0,0.10209347024371514,0.29372907577909424,0.30338750964338573,0.30078994433380485
1170.0,0.10275190025031997,0.29363748664129746,0.30284536311885984,0.30076524998952264
1180.0,0.10340809435963431,0.293407874712811,0.30279012848217374,0.3003939024453809
1190.0,0.10406167648226326,0.293103461192624,0.3029609200671455,0.29987394225796704
1200.0,0.10471208703541922,0.29283768087443074,0.3028839439295136,0.29956628816063624
1210.0,0.10535914609446599,0.29265658839462394,0.30240819796464735,0.29957606754626254
1220.0,0.10600315036167479,0.2925096118691938,0.3018330366097763,0.29965420115935504
1230.0,0.10664446918075013,0.29232635957020386,0.30153488318009924,0.2994942880689467
1240.0,0.10728314022601326,0.29210168326909136,0.3015515575915731,0.29906361891332217
1250.0,0.1079189000751873,0.2918948349718724,0.3015779798103714,0.29860828514256876
1260.0,0.10855155853257159,0.29175364747298727,0.301332769047083,0.298362024947358
1270.0,0.10918125957291464,0.2916559658774573,0.3008591493869978,0.2983036251626301
1280.0,0.1098083444791801,0.2915324975832675,0.30044253177115665,0.2982166261663955
1290.0,0.11043299776043436,0.29134007633169307,0.30027596403196277,0.2979509618759095
1300.0,0.11105507783313943,0.2911023866022821,0.3002623541894226,0.29758018137515563
1310.0,0.11167429786152512,0.2908781650079413,0.30015177963243334,0.2972957574981
1320.0,0.11229053143534898,0.2906983512843146,0.29982852940055815,0.2971825878797779
1330.0,0.11290391033278241,0.29054176608125293,0.2994213421222415,0.2971329814637229
1340.0,0.11351464180216779,0.29036937630659226,0.29913729555917096,0.29697868633206864
1350.0,0.11412277977063678,0.2901720910918852,0.2990292505433054,0.2966758785941722
1360.0,0.11472820298641857,0.2899781665630608,0.2989553992651328,0.2963382311853875
1370.0,0.11533079679953191,0.28981677520386895,0.29875353168516666,0.2960988963114322
1380.0,0.1159306126201118,0.2896827817077696,0.2984182566063428,0.29596834906577546
1390.0,0.11652782754050796,0.2895419185643731,0.2980895199539386,0.29584073394118
1400.0,0.11712256382216327,0.28936759956863434,0.2978856012450089,0.295624235364193
1410.0,0.11771477609789113,0.289167029760642,0.29777800466989934,0.2953401894715671
1420.0,0.11830432182404109,0.28896990052741417,0.29763863983225236,0.2950871378162919
1430.0,0.11889112276539676,0.28879569605564204,0.29738928071201304,0.2949239004669478
1440.0,0.11947523842311249,0.2886365250726848,0.29708059607742804,0.2948076404267743
1450.0,0.12005678665808325,0.2884713906005483,0.2968231720980386,0.29464865064332957
1460.0,0.1206358170617984,0.28829223008885063,0.2966613541763114,0.2944105986730392
1470.0,0.1212122795617608,0.2881118534740142,0.29653248789760805,0.29414337906661653
1480.0,0.12178610993884095,0.2879471737214563,0.2963462095565746,0.2939205067831277
1490.0,0.12235732384701907,0.2877989129973929,0.29608497455219007,0.29375878860339744
1500.0,0.12292601335196494,0.28765066781102344,0.2958149505141213,0.2936083683228898
1510.0,0.12349225765594193,0.2874868208598953,0.29560538894768024,0.29341553253648206
1520.0,0.12405605246581569,0.28730834153024715,0.29545360255966463,0.2931820034442721
1530.0,0.12461733244092747,0.28712984096376937,0.2952959038011473,0.29295692279415547
1540.0,0.12517605379892255,0.28696303347050217,0.29508318192120386,0.2927777308093709
1550.0,0.12573224356223522,0.2868056419405288,0.294832360236945,0.2926297542602904
1560.0,0.1262859682421737,0.28664670437328443,0.2946008230535136,0.2924665043310278
1570.0,0.1268372662760355,0.28648035409640854,0.29441992857845284,0.29226245104910265
1580.0,0.1273861217231831,0.28631201283325797,0.29426393336168977,0.2920379320818687
1590.0,0.12793250253024108,0.28615109555125234,0.29408400496455644,0.29183239695394964
1600.0,0.12847641357307443,0.2859997273450359,0.29386344085752397,0.29166041822436517
1610.0,0.12901790389942547,0.28585035417827176,0.2936321412087442,0.29149960071355807
1620.0,0.12955702394101765,0.2856941371941536,0.29342919930568057,0.2913196395591477
1630.0,0.13009378357146417,0.2855301107344604,0.2932597140623672,0.2911163916317076
1640.0,0.13062815615531484,0.2853652464392741,0.29309307933121687,0.2909135180741936
1650.0,0.13116011980378176,0.285206335803608,0.29290000773685215,0.2907335366557575
1660.0,0.1316896882706986,0.2850532244894415,0.2926840280703308,0.2905730591695286
1670.0,0.13221690040360076,0.28490036156225895,0.29247404999918,0.2904086880349598
1680.0,0.13274178495295957,0.2847438851864108,0.2922903204270795,0.2902240094335497
1690.0,0.13326434179639887,0.28458585334131437,0.29212347508651154,0.2900263297757747
1700.0,0.13378455784620116,0.28443132554728695,0.29194787350740437,0.28983624309910705
1710.0,0.1343024360352513,0.28428228427105595,0.29175104903391275,0.28966423065977953
1720.0,0.13481800385930431,0.28413542147558385,0.29154570298214527,0.2895008716829661
1730.0,0.135331293799693,0.2839858903302941,0.2913532168647747,0.28932959900523775
1740.0,0.13584231943116926,0.2838324295519415,0.29117962205642856,0.28914562896046025
1750.0,0.1363510734154542,0.28367824079271803,0.2910107991724742,0.28895988661935323
1760.0,0.13685754739496472,0.2835271412846753,0.29082996294199026,0.28878534837836933
1770.0,0.13736175036659068,0.2833796125342034,0.29063608914866224,0.2886225479505432
1780.0,0.13786370638840734,0.28323293572829983,0.2904432796065957,0.2884600782766966
1790.0,0.13836343679063517,0.2830847264811292,0.29026385329600024,0.2882879834322348
1800.0,0.1388609480098519,0.28293561024558567,0.29009522035628366,0.28810822138827813
1810.0,0.13935623751849535,0.28278821742421884,0.2899243005148415,0.28793124454244373
1820.0,0.13984930920589883,0.2826440049491976,0.2897427861549016,0.28776389969000143
1830.0,0.14034018020770778,0.28250162491165515,0.28955557605500337,0.2876026188256332
1840.0,0.14082887241014158,0.2823584942562148,0.2893740272003948,0.2874386061332484
1850.0,0.14131539925761874,0.28221357496076394,0.2892029832277704,0.28726804255384647
1860.0,0.14179976255537846,0.2820682645444704,0.2890362693562967,0.28709570354385394
1870.0,0.14228196170958332,0.2819246497277673,0.28886458107937674,0.2869288074832722
1880.0,0.14276200426490054,0.2817832782723147,0.28868587904699744,0.2867688384157869
1890.0,0.1432399064673852,0.2816428691283197,0.28850678754224585,0.2866104368620488
1900.0,0.14371568455721628,0.2815020170776794,0.28833447867009093,0.28644781969501293
1910.0,0.14418934733308883,0.2813607972913892,0.28816885628946226,0.2862809990860593
1920.0,0.14466089787736347,0.28122053201495295,0.2880034489560461,0.2861151211516371
1930.0,0.14513034146693496,0.28108217800330254,0.2878330899553267,0.28595439057443545
1940.0,0.14559769028398425,0.2809452485852808,0.28765934495421785,0.28579771617651684
1950.0,0.14606296002676927,0.28080840433956583,0.28748807538004917,0.2856405602536155
1960.0,0.14652616285204464,0.2806709184708819,0.2873226349743024,0.2854802837027709
1970.0,0.14698730462824908,0.28053335683016994,0.28716052617211935,0.2853188123694613
1980.0,0.14744638902217294,0.2803968302784143,0.28699674330093583,0.28516003739847656
1990.0,0.1479034233443726,0.2802617761356778,0.28682945408209504,0.2850053464378542
2000.0,0.14835841976325997,0.28012761931723146,0.28666162558435404,0.28485233533515414
2010.0,0.14881139119144915,0.2799935617936412,0.2864972861911491,0.2846977608237601
2020.0,0.14926234693646043,0.2798595065324792,0.2863370518126503,0.2845410947184097
2030.0,0.1497112928474248,0.279726094147086,0.2861778295337324,0.28438478347175644
2040.0,0.15015823526326594,0.27959391076110884,0.2860165592155022,0.28423129476012265
2050.0,0.15060318400832462,0.2794628222443164,0.28585350860817244,0.2840804851391861
2060.0,0.15104615122751766,0.2793321529384599,0.28569161339201926,0.2839300824420028
2070.0,0.15148714771658103,0.27920143614712484,0.28553301081475124,0.2837784053215426
2080.0,0.15192618095762708,0.2790708727341818,0.285376818530966,0.28362612777722473
2090.0,0.15236325680187301,0.2789410384491477,0.2852204192048942,0.28347528554408474
2100.0,0.1527983826183876,0.2788122362244194,0.28506247625902664,0.28332690489816614
2110.0,0.1532315684004556,0.27868422452485614,0.2849042331461093,0.28317997392857874
2120.0,0.15366282491084832,0.27855656420645486,0.28474788231498,0.28303272856771666
2130.0,0.15409216122893343,0.27842913278880077,0.2845940882088417,0.28288461777342383
2140.0,0.15451958442402983,0.27830222721146564,0.2844414331512096,0.2827367552132946
2150.0,0.15494510145803747,0.27817618889922446,0.28428817256010785,0.2825905370826299
2160.0,0.15536872098584262,0.2780510119434969,0.28413415032963385,0.2824461167410263
2170.0,0.15579045308365397,0.27792636525844233,0.28398078858155995,0.2823023930763434
2180.0,0.15621030739632819,0.27780196552266945,0.2838293751554403,0.28215835192556177
2190.0,0.15662829186214364,0.27767786449471904,0.2836796853883144,0.2820141582548225
2200.0,0.15704441332954852,0.2775543521347227,0.28353038932098956,0.2818708452147388
2210.0,0.15745867920715567,0.2774316217967115,0.283380607236799,0.28172909175933336
2220.0,0.157871098275854,0.2773095820819185,0.28323080709392834,0.28158851254829875
2230.0,0.15828167990307357,0.27718799802464705,0.2830821472149545,0.2814481748573244
2240.0,0.15869043270151775,0.27706676873827146,0.2829351455483351,0.2813076530118752
2250.0,0.15909736414848746,0.27694602395999585,0.28278918694630023,0.281167424945216
2260.0,0.15950248146572865,0.2768259545453271,0.282643308236109,0.2810282557528348
2270.0,0.15990579265739052,0.2767065904830412,0.28249727296541977,0.28089034389414813
2280.0,0.16030730655035602,0.27658777460283285,0.28235174308397254,0.28075317576283815
2290.0,0.16070703188873547,0.2764693417159148,0.2822074621403805,0.28061616425496877
2300.0,0.16110497655546696,0.27635128963940536,0.2820644406361017,0.2804792931690256
2310.0,0.1615011477467889,0.276233759615684,0.2819220228887043,0.2803430697488222
2320.0,0.16189555281260137,0.27611686818317666,0.281779665840908,0.2802079131633134
2330.0,0.16228819979276296,0.27600058713632214,0.2816375101620523,0.2800737029088621
2340.0,0.16267909711560682,0.27588479391112775,0.2814961498530625,0.2799399591202025
2350.0,0.16306825288561755,0.27576941723043275,0.28135593748961274,0.27980639239433647
2360.0,0.1634556745790184,0.2756545088023868,0.2812166267154953,0.279673189903099
2370.0,0.16384136942951952,0.27554017133166964,0.2810777008309677,0.2795407584078426
2380.0,0.16422534500603994,0.2754264368325987,0.280938957245894,0.27940926091546686
2390.0,0.16460760932946075,0.27531323328432694,0.28080068840472233,0.2792784689814895
2400.0,0.16498817044603686,0.2752004672634762,0.28066330847999243,0.27914805381049407
2410.0,0.16536703597316033,0.27508812180086345,0.2805268898733733,0.2790179523526025
2420.0,0.16574421311012597,0.2749762628182444,0.28039111999344574,0.2788884040781835
2430.0,0.16611970905347412,0.2748649573586185,0.28025567849858934,0.2787596550893176
2440.0,0.1664935313288234,0.274754201097776,0.28012058128501743,0.2786316862883828
2450.0,0.16686568769559204,0.2746439315354761,0.27998612325029265,0.27850425751863883
2460.0,0.16723618577949595,0.2745341021774942,0.27985252613190115,0.27837718591110827
2470.0,0.16760503286189993,0.2744247302119041,0.2797197039985526,0.2782505329276429
2480.0,0.16797223603630954,0.2743158687596185,0.2795873869150118,0.2781245082890598
2490.0,0.1683378025201371,0.27420754213267423,0.2794554297045898,0.2779992256425985
2500.0,0.16870173976444444,0.27409971858295534,0.279323951964133,0.27787458968846684
2510.0,0.16906405526215115,0.2739923464453716,0.2791931769328537,0.2777504213596231
2520.0,0.1694247562924214,0.27388540831478775,0.2790631761420074,0.277626659250783
2530.0,0.1697838498839018,0.2737789330867484,0.2789338062626294,0.27750341076671997
2540.0,0.17014134301308437,0.2736729576562852,0.27880488482329957,0.27738081450733043
2550.0,0.17049724280007314,0.27356748495041705,0.27867638884504475,0.2772588834044646
2560.0,0.17085155649333478,0.27346248363187337,0.27854845931484445,0.2771375005599469
2570.0,0.17120429128546585,0.2733579247687827,0.2784212279994398,0.27701655594631125
2580.0,0.1715554541791305,0.27325381140507565,0.278294673351307,0.2768960610644864
2590.0,0.17190505204258635,0.2731501697106745,0.2781686578609137,0.27677612038582494
2600.0,0.1722530917730322,0.2730470155411928,0.27804308648626397,0.2766568061995106
2610.0,0.17259958037817896,0.27294433539791335,0.27791800189574944,0.2765380823281578
2620.0,0.17294452489518533,0.272842101101069,0.2777935204363749,0.2764198535673703
2630.0,0.17328793225141764,0.27274029887408363,0.2776696956886634,0.2763020731858349
2640.0,0.17362980922341956,0.2726389400464359,0.27754646491393703,0.27618478581620715
2650.0,0.17397016252788908,0.27253804392703224,0.2774237270008434,0.2760680665442349
2660.0,0.17430899893295268,0.27243761433080377,0.27730145326413835,0.27595193347210484
2670.0,0.1746463252686514,0.27233763563863944,0.2771797077983004,0.2758363312944084
2680.0,0.17498214833764902,0.27223809028704926,0.27705856535666856,0.2757211960186328
2690.0,0.17531647483449486,0.27213897624410505,0.2769380268031016,0.27560652211829817
2700.0,0.17564931135990147,0.27204030551214603,0.27681802364931096,0.2754923594786413
2710.0,0.1759806645040001,0.27194208734087194,0.27669849706100763,0.2753787510941201
2720.0,0.1763105409003591,0.27184431607078285,0.27657945769404646,0.2752656853348113
2730.0,0.17663894719506987,0.2717469763386995,0.27646096395194597,0.2751531125142845
2740.0,0.17696588997306087,0.27165005826438143,0.27634305106657225,0.27504100069598536
2750.0,0.17729137572581627,0.2715535652077848,0.27622569307377254,0.2749293659926263
2760.0,0.17761541089095417,0.27145750658884094,0.27610883508515893,0.2748182474350459
2770.0,0.1779380019135284,0.2713618851471402,0.2759924532493554,0.27470765968997596
2780.0,0.1782591552611192,0.27126669294169115,0.2758765745844346,0.27459757721275496
2790.0,0.17857887738216605,0.27117191935595186,0.2757612396562474,0.2744879636056346
2800.0,0.17889717465932878,0.27107756104290165,0.27564645475182775,0.27437880954594174
2810.0,0.17921405340906632,0.2709836227984158,0.2755321863659645,0.27427013742655326
2820.0,0.1795295199227705,0.27089010941063696,0.27541839929121004,0.27416197137538245
2830.0,0.17984358050026536,0.2707970183159319,0.27530509236281064,0.2740543088209921
2840.0,0.1801562414400499,0.2707043409713171,0.2751922934770355,0.2739471241115974
2850.0,0.18046750900152148,0.2706120705408707,0.275080023873775,0.27384039658383275
2860.0,0.18077738938276713,0.27052020700243706,0.27496827340797614,0.27373413020681964
2870.0,0.18108588873669249,0.27042875439634406,0.2748570126408254,0.273628344226138
2880.0,0.18139301320374807,0.27033771412143637,0.2747462242967587,0.2735230483780568
2890.0,0.18169876892481804,0.2702470818548439,0.27463591828882217,0.2734182309315158
2900.0,0.18200316202251682,0.2701568510567094,0.2745261155352097,0.27331387138556407
2910.0,0.18230619857525335,0.2700670184386991,0.27441682179228555,0.2732099611937619
2920.0,0.18260788461288735,0.26997758527830273,0.2743080207146564,0.27310650939415354
2930.0,0.1829082261364827,0.26988855358921615,0.2741996916064235,0.27300352866787775
2940.0,0.18320722913807552,0.26979992187744334,0.2740918299048887,0.2729010190795924
2950.0,0.1835048995990961,0.2697116851322031,0.273984447999702,0.27279896726899877
2960.0,0.18380124347142515,0.26962383863381095,0.2738775576339762,0.2726973602607876
2970.0,0.18409626666354778,0.2695363810600297,0.2737711549768642,0.2725961972995582
2980.0,0.18438997504628615,0.26944931363140057,0.27366522417879513,0.27249548714351807
2990.0,0.18468237446996175,0.2693626366525547,0.27355975354350537,0.27239523533397814
3000.0,0.18497347077339757,0.26927634746542684,0.2734547454304025,0.272295436330773
3010.0,0.18526326977617705,0.26919044185099156,0.2733502098741947,0.27219607849863664
3020.0,0.18555177726461655,0.26910491695897854,0.27324615063446195,0.2720971551419429
3030.0,0.18583899898742867,0.2690197724248134,0.2731425595444199,0.271998669043338
3040.0,0.18612494066489468,0.2689350086433717,0.27303942443204343,0.2719006262596901
3050.0,0.1864096080000545,0.26885062441320245,0.2729367404138346,0.2718030271729084
3060.0,0.186693006679946,0.2687666165164741,0.2728345122712286,0.2717058645323512
3070.0,0.18697514236624058,0.2686829815796622,0.2727327459060424,0.2716091301480547
3080.0,0.1872560206870038,0.2685997178952465,0.2726314396349813,0.2715128217827682
3090.0,0.18753564723836152,0.2685168252651966,0.272530584675283,0.2714169428211587
3100.0,0.18781402759329785,0.26843430326093626,0.2724301732510022,0.2713214958947635
3110.0,0.18809116730740755,0.2683521499611406,0.27233020466436536,0.2712264780670864
3120.0,0.18836707191609917,0.2682703624282654,0.27223068319100197,0.2711318824646334
3130.0,0.1886417469270928,0.2681889382650132,0.2721316107052942,0.27103770410259975
3140.0,0.18891519781715949,0.2681078764092279,0.2720329827349939,0.2709439430386187
3150.0,0.18918743003630933,0.2680271763798128,0.2719347918751488,0.270850601708729
3160.0,0.18945844901413078,0.2679468369675689,0.2718370340299857,0.27075767998831457
3170.0,0.18972826016117633,0.26786685587489906,0.2717397103108201,0.27066517365310444
3180.0,0.18999686886469946,0.26778723055705395,0.2716428232042307,0.27057307737401576
3190.0,0.19026428048386762,0.2677079592702022,0.27154637159063855,0.27048138865529153
3200.0,0.19053050034992447,0.26762904114872305,0.2714503502446971,0.27039010825665527
3210.0,0.1907955337707398,0.2675504753257185,0.2713547539178463,0.2702992369856953
3220.0,0.1910593860342606,0.2674722601983605,0.27125958085849994,0.27020877290887885
3230.0,0.19132206240777905,0.2673943935333154,0.2711648323982993,0.27011871166060614
3240.0,0.19158356813388439,0.2673168733055292,0.27107050899722407,0.27002904956336216
3250.0,0.1918439084284573,0.2672396981843235,0.27097660784977623,0.2699397855374428
3260.0,0.1921030884824489,0.2671628672361637,0.27088312420489835,0.26985092007648886
3270.0,0.1923611134653953,0.2670863792199997,0.27079005470273165,0.2697624526118731
3280.0,0.19261798852671552,0.2670102322876029,0.27069739889372135,0.26967438029196
3290.0,0.19287371879361248,0.26693442440229387,0.2706051573385726,0.26958669946552083
3300.0,0.1931283093685163,0.26685895390010206,0.2705133289537457,0.26949940777763576
3310.0,0.19338176532873044,0.26678381963278,0.27042191026248746,0.2694125047760019
3320.0,0.19363409172888907,0.26670902050490863,0.2703308975387736,0.2693259902274284
3330.0,0.19388529360300366,0.26663455505442374,0.27024028880880624,0.26923986253376614
3340.0,0.19413537596442185,0.2665604214418981,0.2701500839548177,0.269154118638862
3350.0,0.19438434380368017,0.26648661790255046,0.2700602825877813,0.2690687557059878
3360.0,0.19463220208725682,0.2664131430468497,0.2699708825828972,0.2689837722829961
3370.0,0.19487895575840672,0.2663399957408401,0.2698818805888118,0.26889916791194113
3380.0,0.19512460973916695,0.2662671747112889,0.2697932738966462,0.26881494165289765
3390.0,0.19536916893125306,0.26619467835708926,0.2697050613770456,0.2687310913346118
3400.0,0.19561263821511324,0.2661225049395244,0.2696172426324535,0.2686476142129086
3410.0,0.19585502244845945,0.26605065291260416,0.26952981643208984,0.2685645082068463
3420.0,0.1960963264659971,0.2659791210223927,0.2694427802089834,0.2684817723026266
3430.0,0.19633655508073364,0.2659079080745886,0.2693561311272747,0.2683994057174028
3440.0,0.19657571308522034,0.2658370126871576,0.26926986726363544,0.26831740696398637
3450.0,0.19681380525172415,0.26576643325436206,0.26918398780567077,0.26823577368824275
3460.0,0.19705083633105416,0.2656961681997571,0.26909849186502177,0.2681545036041667
3470.0,0.19728681105189005,0.2656262161442499,0.26901337766387473,0.2680735951399851
3480.0,0.1975217341211072,0.2655565758792989,0.2689286426253102,0.2679930473742834
3490.0,0.1977556102249521,0.2654872461440895,0.2688442844246337,0.2679128592063244
3500.0,0.19798844402981403,0.26541822547303223,0.2687603017345228,0.26783302876263065
3510.0,0.19822024018161682,0.2653495123244072,0.26867669364628266,0.267753553847693
3520.0,0.19845100330509638,0.26528110525051385,0.2685934588686764,0.26767443257571294
3530.0,0.1986807380035558,0.26521300298320216,0.2685105952986166,0.2675956637146251
3540.0,0.19890944885958492,0.2651452043125677,0.26842810058033534,0.26751724624751166
3550.0,0.1991371404359915,0.26507770791143226,0.26834597293721485,0.26743917871536105
3560.0,0.19936381727585728,0.26501051232757356,0.2682642112284559,0.26736145916811294
3570.0,0.19958948390201975,0.26494361610337547,0.26818281439347985,0.26728408560112465
3580.0,0.19981414481652812,0.26487701791429474,0.2681017807810499,0.267207056488127
3590.0,0.2000378045008653,0.2648107165531896,0.26802110820521685,0.26713037074072804
3600.0,0.2002604674167902,0.26474471077467127,0.2679407946782387,0.2670540271302996
3610.0,0.20048213800676976,0.26467899922097987,0.26786083876988026,0.2669780240023698
3620.0,0.20070282069371823,0.26461358047948197,0.2677812393586254,0.26690235946817414
3630.0,0.20092251988063928,0.26454845317647274,0.26770199519107,0.2668270317518177
3640.0,0.20114123995027752,0.2644836160770602,0.2676231043917331,0.2667520395809289
3650.0,0.20135898526567036,0.26441906799727166,0.26754456486762285,0.2666773818694349
3660.0,0.2015757601708602,0.264354807670617,0.26746637494281356,0.26660305721570904
3670.0,0.2017915689910186,0.26429083373362616,0.2673885334379482,0.26652906383740677
3680.0,0.20200641603198766,0.26422714483101567,0.267311039183286,0.2664553999537103
3690.0,0.20222030558000437,0.2641637396955757,0.2672338906320297,0.26638206409238996
3700.0,0.20243324190184556,0.2641006171457577,0.2671570858548883,0.26630905509750813
3710.0,0.20264522924538247,0.26403777598934564,0.2670806229929716,0.2662363717723
3720.0,0.20285627184003896,0.2639752149409918,0.2670045006576942,0.26616401256127475
3730.0,0.20306637389661802,0.26391293266781546,0.2669287177269422,0.266091975708624
3740.0,0.2032755396069088,0.2638509278880738,0.26685327288161503,0.26602025962340203
3750.0,0.20348377314361396,0.2637891994089914,0.2667781644162665,0.26594886303112775
3760.0,0.20369107866072061,0.2637277460753231,0.26670339047047265,0.26587778479348334
3770.0,0.20389746029397504,0.2636665666855209,0.2666289494279338,0.2658070235925699
3780.0,0.20410292216109077,0.2636056599583487,0.2665548400866294,0.26573657779393073
3790.0,0.20430746836144767,0.2635450246083033,0.2664810613070761,0.26566644572317255
3800.0,0.2045111029757888,0.26348465942908983,0.26640761161172566,0.26559662598339534
3810.0,0.20471383006635419,0.2634245632882189,0.2663344892007145,0.265527117444712
3820.0,0.2049156536774178,0.2633647350361308,0.26626169237497443,0.26545791891147663
3830.0,0.20511657783558773,0.2633051734567929,0.2661892197771706,0.2653890289304484
3840.0,0.20531660654970638,0.2632458772963306,0.2661170702695748,0.2653204458843878
3850.0,0.2055157438106113,0.2631868453300137,0.26604524261790335,0.26525216824147124
3860.0,0.20571399359097506,0.2631280764175251,0.26597373521887346,0.26518419477262595
3870.0,0.2059113598456214,0.26306956945949844,0.2659025462988418,0.265116524396038
3880.0,0.20610784651202707,0.26301132330606697,0.26583167434904154,0.265049155832864
3890.0,0.20630345751048335,0.26295333673899984,0.2657611182148934,0.26498208753562297
3900.0,0.20649819674377146,0.26289560854550387,0.26569087675762426,0.26491531795309997
3910.0,0.20669206809699742,0.2628381375741151,0.26562094858564866,0.26484884574323836
3920.0,0.20688507543769857,0.2627809227337924,0.2655513320449645,0.26478266978354403
3930.0,0.20707722261620679,0.26272396293961586,0.26548202547261707,0.2647167889715599
3940.0,0.20726851346605185,0.26266725703669225,0.2654130275651925,0.264651201932063
3950.0,0.20745895180392115,0.26261080382228913,0.2653443372824197,0.26458590709136964
3960.0,0.20764854142928038,0.2625546021369898,0.265275953416654,0.2645209030170755
3970.0,0.20783728612432084,0.2624986508981039,0.26520787442880944,0.26445618854876546
3980.0,0.20802518965428068,0.26244294905169013,0.2651400986653476,0.2643917626286812
3990.0,0.20821225576786273,0.2623874955035247,0.26507262468540055,0.2643276240432117
4000.0,0.20839848819736584,0.2623322890993944,0.2650054513635889,0.26426377133965057
4010.0,0.20858389065846808,0.26227732868219705,0.26493857762713396,0.26420020303220054
4020.0,0.20876846685002184,0.2622226131516325,0.26487200216961504,0.2641369178287303
4030.0,0.20895222045412032,0.26216814147276607,0.26480572339819974,0.2640739146749135
4040.0,0.2091351551364898,0.2621139126123895,0.264739739731504,0.2640111925196163
4050.0,0.2093172745468618,0.26205992547116075,0.264674049928245,0.26394875005373203
4060.0,0.2094985823189335,0.26200617890393196,0.2646086529984536,0.2638865857786805
4070.0,0.20967908207000507,0.26195267180789844,0.2645435477858229,0.2638246983362732
4080.0,0.2098587774009683,0.2618994031434455,0.2644787328695677,0.26376308658601805
4090.0,0.21003767189651257,0.26184637191141424,0.2644142066559517,0.263701749536121
4100.0,0.21021576912554193,0.2617935770850932,0.2643499677006458,0.26364068608871877
4110.0,0.21039307264143653,0.2617410175613345,0.26428601495026,0.2635798948469686
4120.0,0.21056958598180212,0.26168869222259183,0.26422234745897744,0.2635193743366282
4130.0,0.21074531266816152,0.26163660001779665,0.26415896400109734,0.2634591233129441
4140.0,0.21092025620601534,0.26158473997265214,0.26409586300889004,0.263399140812442
4150.0,0.2110944200852909,0.2615331111130032,0.26403304293140156,0.26333942587030384
4160.0,0.21126780778074772,0.2614817123904958,0.26397050259354843,0.2632799772352077
4170.0,0.21144042275190852,0.26143054270619875,0.26390824109294503,0.2632207934489473
4180.0,0.21161226844267117,0.26137960100337043,0.26384625736348205,0.2631618731904759
4190.0,0.21178334828123901,0.2613288863007764,0.2637845500119801,0.26310321540600407
4200.0,0.21195366568043683,0.2612783976471472,0.2637231175208718,0.2630448191515438
4210.0,0.2121232240380475,0.2612281340677665,0.26366195850074026,0.26298668339344533
4220.0,0.21229202673708214,0.2611780945117119,0.2636010719531931,0.2629288067980125
4230.0,0.2124600771455687,0.26112827790859255,0.2635404570082823,0.26287118793755615
4240.0,0.21262737861617417,0.26107868326167294,0.2634801124785848,0.2628138256435677
4250.0,0.21279393448630501,0.2610293096485833,0.2634200368473172,0.26275671901779424
4260.0,0.21295974807860707,0.26098015613060965,0.2633602286934531,0.2626998670973298
4270.0,0.21312482270120864,0.2609312217188807,0.26330068685268,0.2626432687272303
4280.0,0.2132891616477495,0.2608825053704104,0.2632414104495268,0.2625869225323129
4290.0,0.21345276819706446,0.2608340060678253,0.26318239852325126,0.2625308272118586
4300.0,0.21361564561301086,0.26078572287178453,0.26312364977330793,0.2624749817418963
4310.0,0.21377779714471346,0.26073765489207074,0.263065162681636,0.2624193852815795
4320.0,0.21393922602704063,0.26068980120239066,0.26300693591673835,0.26236403685383
4330.0,0.21409993548083034,0.2606421607977443,0.26294896854844274,0.2623089351729822
4340.0,0.21425992871265648,0.2605947326534383,0.2628912597749461,0.2622540788589588
4350.0,0.21441920891445485,0.26054751581786106,0.2628338084788613,0.26219946678882244
4360.0,0.21457777926359328,0.26050050941724273,0.26277661319690376,0.26214509812225983
4370.0,0.21473564292338673,0.26045371256460614,0.2627196725430249,0.26209097196898173
4380.0,0.21489280304338484,0.260407124312614,0.26266298543569006,0.2620370872083107
4390.0,0.21504926275929384,0.26036074367189693,0.2626065510251753,0.2619834425436335
4400.0,0.2152050251927754,0.2603145696670463,0.26255036843050583,0.2619300367096721
4410.0,0.21536009345118862,0.26026860140714425,0.2624944363950954,0.2618768687465713
4420.0,0.21551447062785795,0.2602228380499626,0.2624387534483901,0.26182393787378894
4430.0,0.21566815980258383,0.2601772787055045,0.2623833183635166,0.2617712431283947
4440.0,0.2158211640418048,0.2601319224135854,0.2623281302697859,0.2617187832748235
4450.0,0.21597348639829286,0.26008676821141263,0.2622731883423059,0.2616665570479882
4460.0,0.21612512991095556,0.26004181519120734,0.26221849152714916,0.26161456337068756
4470.0,0.21627609760487063,0.2599970625103159,0.26216403848167646,0.2615628014031366
4480.0,0.21642639249166368,0.2599525093306162,0.2621098278556474,0.2615112703220724
4490.0,0.21657601756985442,0.259908154754086,0.2620558586017539,0.26145996907430524
4500.0,0.2167249758248442,0.25986399783178915,0.2620021299443769,0.2614088963989894
4510.0,0.2168732702286084,0.2598200376386552,0.2619486410271866,0.26135805110554944
4520.0,0.21702090373952038,0.25977627332782044,0.2618953906474279,0.26130743228523096
4530.0,0.217167879302612,0.2597327040932494,0.26184237742527355,0.2612570391788647
4540.0,0.2173141998500121,0.2596893290890931,0.26178960018710584,0.26120687087378863
4550.0,0.2174598683011095,0.25964614740888364,0.2617370580653333,0.2611569262246731
4560.0,0.21760488756233012,0.25960315813218066,0.2616847502918687,0.26110720401362014
4570.0,0.21774926052695587,0.2595603603783509,0.2616326759425637,0.2610577031521291
4580.0,0.21789299007498014,0.2595177533540463,0.26158083369831603,0.26100842287265713
4590.0,0.2180360790735716,0.25947533627528085,0.26152922220680386,0.2609593624443433
4600.0,0.2181785303774868,0.2594331082874754,0.26147784046795985,0.2609105208670775
4610.0,0.21832034682905319,0.25939106847508314,0.2614266877999988,0.26086189689586453
4620.0,0.21846153125778184,0.25934921595134147,0.26137576341651575,0.26081348937436055
4630.0,0.21860208648018456,0.25930754991389016,0.26132506615566164,0.2607652974502632
4640.0,0.21874201530005713,0.2592660696021156,0.26127459467245684,0.26071732042537
4650.0,0.21888132050893858,0.25922477421489276,0.26122434782698994,0.26066955744917836
4660.0,0.21902000488626955,0.2591836628833724,0.26117432482171804,0.2606220074086396
4670.0,0.21915807119915165,0.2591427347264148,0.261124524949171,0.26057466912526217
4680.0,0.21929552220211698,0.2591019889117247,0.2610749473003409,0.26052754158581704
4690.0,0.21943236063709362,0.25906142468156196,0.26102559062982433,0.2604806240515196
4700.0,0.21956858923378128,0.25902104128985115,0.26097645364883204,0.26043391582753517
4710.0,0.21970421071006585,0.2589808379219184,0.26092753541179037,0.26038741595622494
