time_fs,PYR2,PYR3,PYR4,PYR5
0.0,0.0,0.0,0.0,1.0
10.0,5.541168054244011e-07,0.0037944967906596823,0.2186852948365927,0.7775196542559425
20.0,3.0553595512865125e-05,0.04939797697849665,0.6096564071241817,0.34091506230180896
30.0,0.0002815910944954438,0.1822278609303022,0.7349655436436563,0.08252500433154626
40.0,0.001202739016025446,0.37326202733884123,0.48703280177029035,0.13850243187484323
50.0,0.003280216277574601,0.5200361848634685,0.16832853238088794,0.30835506647806943
60.0,0.006601511829654499,0.5357637501011676,0.12104677234130308,0.33658796572787536
70.0,0.010629828926000236,0.42823900868578746,0.3556246631250463,0.20550649926316625
80.0,0.01446513038481918,0.28614142696744,0.5785114332599722,0.12088200938776895
90.0,0.017403885291558664,0.19378525438761696,0.5444415135622842,0.24436934675854055
100.0,0.01933339091047857,0.1665976603756692,0.316611996396612,0.49745695231724074
110.0,0.020681389342124674,0.16613846572298727,0.16390412346011915,0.6492760214747694
120.0,0.022059939203859888,0.1628673280824875,0.2464031612737926,0.5686695714398603
130.0,0.023955294582616773,0.170351311887002,0.45263552606550533,0.3530578674648763
140.0,0.026654262049192558,0.21786475269332697,0.5481531365647087,0.207327848692772
150.0,0.03030210998297176,0.3017218026551071,0.44121662187947536,0.22675946548244635
160.0,0.0348945781406998,0.3757924245854542,0.26603915198781997,0.32327384528602654
170.0,0.04017722952770601,0.3924023474000919,0.2137351568644807,0.35368526620772184
180.0,0.04561627525258438,0.3473794264909809,0.3209734789729211,0.28603081928351415
190.0,0.05057697031175368,0.28105839666162746,0.44874484008378196,0.21961979294283737
200.0,0.05463192326814874,0.23746001571409134,0.4528109546284692,0.25509710638929123
210.0,0.057768162249813446,0.2271424827460856,0.340423855815999,0.3746654991881025
220.0,0.060338578072552475,0.229797907444117,0.24557157854710437,0.46429193593622653
230.0,0.06282411535980942,0.22647238085037194,0.26962274040563977,0.44108076338417923
240.0,0.06560827020138717,0.2218733502367224,0.37453296949095816,0.3379854100709327
250.0,0.06889755466948813,0.23395515566043487,0.438431110102054,0.2587161795680234
260.0,0.07275399174534158,0.26717135660474384,0.39591654258875625,0.2641581090611588
270.0,0.07712537350552277,0.302301145189621,0.3023664703097929,0.3182070109950638
280.0,0.08182831180292392,0.31416099244332424,0.26115998815819746,0.34285070759555486
290.0,0.08654793141229435,0.2964618182106614,0.3073491863897982,0.3096410639872463
300.0,0.09092813152149001,0.2666284404136609,0.3779699615773156,0.26447346648753384
310.0,0.09472858302300172,0.24704764375767765,0.3913090909827553,0.2669146822365655
320.0,0.09793677928022866,0.24438793674878967,0.33741510886917475,0.320260175101807
330.0,0.10074785292733969,0.2481304938252835,0.28086329016246464,0.3702583630849122
340.0,0.10343603063012254,0.24662372815868228,0.2825210091246048,0.3674192320865905
350.0,0.10622316017603183,0.24078343909062908,0.3338292819649781,0.31916411876836115
360.0,0.10922600376079467,0.2409252617646763,0.37331246020093567,0.27653627427359356
370.0,0.11247481898929242,0.25254678065781994,0.35853781579077026,0.2764405845621175
380.0,0.11594076313324682,0.2684391446210758,0.30977315752230217,0.3058469347233755
390.0,0.11953606092947938,0.2757464461829815,0.2813135794007779,0.3234039134867614
400.0,0.12311140902469221,0.26925765393057566,0.29934432739083316,0.30828660965389937
410.0,0.12649263614784215,0.25608242048392127,0.3370298336659783,0.28039510970225856
420.0,0.1295550058392455,0.24744528182820208,0.34954145888138366,0.2734582534511692
430.0,0.13228332773498158,0.24746747469473618,0.3245465924460603,0.29570260512422253
440.0,0.1347688139506237,0.2508912559834289,0.2919286945403386,0.3224112355256095
450.0,0.13714715620291393,0.25080793734289875,0.2867591983175818,0.32528570813660623
460.0,0.13952952264726426,0.24671787386347865,0.3106991523544929,0.303053451134765
470.0,0.1419729344065457,0.24417488337529922,0.3337324599645106,0.2801197222536453
480.0,0.14449122406238218,0.24749659665973206,0.329959490271643,0.27805268900624347
490.0,0.1470737636779373,0.2544407858190009,0.30507455725810406,0.2934108932449584
500.0,0.14968785434622814,0.258643397247621,0.28677417949489276,0.3048945689112589
510.0,0.15227346572551995,0.2565166230368618,0.29251434544098315,0.2986955657966358
520.0,0.1547542400561634,0.2507357646909653,0.31189202465221577,0.282617970600656
530.0,0.15707010845906852,0.24687928766658024,0.32103029130598526,0.2750203125683664
540.0,0.15920868936196306,0.24747935088388937,0.3098877351297642,0.2834242246243837
550.0,0.16120844652048527,0.25004132832578985,0.29157580253288773,0.29717442262083743
560.0,0.1631311973702977,0.25060695541457173,0.28561441630903545,0.3006474309060955
570.0,0.16502799016490327,0.24833326043405865,0.29609346853984453,0.2905452808611941
580.0,0.1669236540364468,0.24602690167856733,0.30890028563427824,0.2781491586507081
590.0,0.16882326040294704,0.24655078444869005,0.3089221736902226,0.27570378145814084
600.0,0.17072383493139623,0.24951271190773672,0.2964584076209432,0.2833050455399246
610.0,0.17261646216609372,0.25185416685563533,0.2852088017182858,0.2903205692599859
620.0,0.17448118770300042,0.2513247035918931,0.2860331773978788,0.2881609313072285
630.0,0.17628800469317799,0.2487906314519623,0.2955730458475777,0.2793483180072828
640.0,0.17800995920730822,0.2470009189168789,0.3014736776652089,0.2735154442106048
650.0,0.17963902422342456,0.24750063586774262,0.29673150678879157,0.27612883312004194
660.0,0.18119024656692892,0.2491910188619939,0.2866680287090534,0.2829507058620246
670.0,0.18269038211771402,0.24987948444140312,0.28181530590394566,0.285614827536938
680.0,0.18416159844515867,0.248801594519918,0.2859524406044002,0.281084366430524
690.0,0.18561363846301668,0.24728564599813738,0.2927507543387407,0.27434996120010613
700.0,0.18704749941219656,0.24705902651164244,0.29370670038891566,0.27218677368724614
710.0,0.18846245602716422,0.2483012345056318,0.28755662843608876,0.275679681031116
720.0,0.18985769629394741,0.24958790595153477,0.28084522334456147,0.27970917440995713
730.0,0.19122863633774045,0.24958596744260259,0.28000643018337185,0.279178966036286
740.0,0.19256503216238646,0.24847766548926917,0.2844387894418779,0.27451851290646734
750.0,0.19385562051261646,0.2476015181748441,0.28793869410463263,0.2706041672079075
760.0,0.19509588023115973,0.24788797604548776,0.2860208018385475,0.2709953418848056
770.0,0.19629135749936158,0.24890632655538697,0.28057232475557986,0.2742299911896722
780.0,0.1974533242516039,0.24948218044951387,0.2771104227787552,0.2759540725201277
790.0,0.19859114255065602,0.24904652214747652,0.2784204831014451,0.2739418522004231
800.0,0.1997082761127521,0.24818179153523123,0.28184457305838206,0.2702653592936355
810.0,0.20080426204182159,0.24786661569667084,0.2827469694038015,0.2685821528577068
820.0,0.20187879517478122,0.24837936314329576,0.2797352141471909,0.2700066275347328
830.0,0.20293296600104152,0.24908119747937002,0.2758061607755659,0.2721796757440232
840.0,0.2039670145156808,0.24921354421066277,0.274628077519159,0.27219136375449815
850.0,0.20497825248261695,0.24873423415703275,0.276508064509268,0.26977944885108307
860.0,0.2059623463290104,0.24828314707275762,0.27843257549747275,0.2673219311007601
870.0,0.20691698842511816,0.24840999672262132,0.27768795858601103,0.26698505626625035
880.0,0.2078441332604452,0.24898093088550516,0.2747573415094867,0.26841759434456386
890.0,0.20874852076993886,0.24938796760402035,0.27244605471484773,0.26941745691119406
900.0,0.20963413341020246,0.24925002940294602,0.2725957958380662,0.2685200413487863
910.0,0.21050211965465562,0.2487969690992568,0.27420127392100574,0.2664996373250828
920.0,0.21135176738504577,0.24855760669989468,0.274808481283457,0.2652821446316035
930.0,0.21218280917326343,0.24876404985833409,0.27332338286380015,0.26572975810460336
940.0,0.2129963229552211,0.24914398166673707,0.27104304686229475,0.26681664851574804
950.0,0.21379352219331685,0.24927917267314528,0.26999165223972954,0.2669356528938094
960.0,0.2145742208533542,0.24907804064886588,0.2706548019602768,0.2656929365375042
970.0,0.21533694564337563,0.24883816568438577,0.2716245929459978,0.26420029572624176
980.0,0.21608061457216027,0.2488768672646018,0.271328103942009,0.2637144142212298
990.0,0.21680590764935406,0.24917820470887983,0.2697435564373682,0.2642723312043988
1000.0,0.2175148752579263,0.24943840741483334,0.2682526631861482,0.26479405414109314
1010.0,0.21820930348249976,0.24941935438602728,0.26799400346277075,0.2643773386687032
1020.0,0.2188896017933732,0.24919618143425903,0.26866043566982184,0.2632537811025468
1030.0,0.21955523212343386,0.2490436705372493,0.26898998717984574,0.262411110159472
1040.0,0.2202059693526451,0.24912288863391477,0.26823353522167703,0.2624376067917639
1050.0,0.22084252346212785,0.24932652009301964,0.26690694332639736,0.262924013118456
1060.0,0.2214659549241937,0.24943026533776533,0.2660943980617567,0.26300938167628507
1070.0,0.2220767074697969,0.24935142013112963,0.2662147873645449,0.2623570850345294
1080.0,0.22267440559846544,0.24922285022826363,0.2666422769437745,0.2614604672294973
1090.0,0.22325859320307798,0.24922309460583836,0.26649670344945303,0.2610216087416315
1100.0,0.2238295267964456,0.24937402637742231,0.2656215803444756,0.2611748664816573
1110.0,0.22438815120775546,0.24952965978362562,0.26467314335637665,0.2614090456522431
1120.0,0.2249353506746646,0.24954859217643965,0.26432224003508464,0.26119381711381184
1130.0,0.22547133933770236,0.24944461475657353,0.26452847556988607,0.26055557033583876
1140.0,0.22599581810866626,0.24935549744833932,0.2646622691719822,0.2599864152710129
1150.0,0.22650864090204897,0.24938318185884673,0.2642495306762255,0.2598586465628796
1160.0,0.22701022204796031,0.24949110969861743,0.26346628242459696,0.26003238582882615
1170.0,0.22750128535157968,0.24956213173774272,0.26287673431816205,0.2600598485925166
1180.0,0.22798230807678121,0.24953588567818408,0.26278100413851824,0.25970080210651747
1190.0,0.22845329710895862,0.24946812401242618,0.2629198138086494,0.2591587650699668
1200.0,0.228914098354759,0.24945662779122627,0.26281572882242044,0.25881354503159537
1210.0,0.2293648378004797,0.24952892121075346,0.2623124216958809,0.2587938192928869
1220.0,0.22980599448060157,0.2496179745383755,0.2617079277205722,0.2588681032604517
1230.0,0.2302380621433255,0.24964314981524088,0.2613827467620477,0.2587360412793867
1240.0,0.23066121167341505,0.2495978765281229,0.2613799500142471,0.25836096178421575
1250.0,0.23107532617841878,0.24954878698762165,0.26139588126344065,0.25798000557051964
1260.0,0.23148034058227282,0.24955679602616102,0.2611462009156098,0.2578166624759571
1270.0,0.23187649558809725,0.2496134989169787,0.2606706694649729,0.2578393360299518
1280.0,0.23226424697719636,0.24965936295747063,0.2602543450713183,0.2578220449940154
1290.0,0.23264396561702472,0.24965464071719776,0.26009256244208173,0.25760883122369665
1300.0,0.23301576871558277,0.2496204124605396,0.26008967843695396,0.2572741403869245
1310.0,0.23337964015770832,0.24960875239717373,0.25999417383206763,0.25701743361305124
1320.0,0.23373566826957268,0.24964225180117564,0.25968721078610113,0.2569348691431515
1330.0,0.23408412480760474,0.2496918888779841,0.2592961988602096,0.2569277874542025
1340.0,0.23442531615656884,0.2497132271663514,0.2590300318188343,0.25683142485824645
1350.0,0.23475939672035873,0.249695650839592,0.2589445377580159,0.2566004146820344
1360.0,0.23508635816710857,0.2496701153823556,0.2588990459052883,0.25634448054524867
1370.0,0.2354061958078213,0.24967154570542513,0.25872987997035013,0.25619237851640453
1380.0,0.235719060141622,0.24970130485925593,0.25842954001690543,0.25615009498221764
1390.0,0.23602523484597152,0.24973003960989942,0.25813748189549346,0.25610724364863646
1400.0,0.236324982783518,0.24973320431416146,0.2579732179545578,0.25596859494776364
1410.0,0.23661843576918548,0.24971720842305,0.2579093287545528,0.2557550270532126
1420.0,0.23690563540540782,0.2497089850940831,0.25781711377751176,0.2555682657229983
1430.0,0.23718665784795245,0.24972435040416943,0.25761658443313784,0.2554724073147413
1440.0,0.23746167456106798,0.2497517742908412,0.2573573633968437,0.2554291877512481
1450.0,0.23773088994585412,0.24976751170912834,0.2571507568665345,0.2553508414784841
1460.0,0.23799443943333135,0.24976239190000898,0.2570427311584757,0.25520043750818494
1470.0,0.23825236722849874,0.24975009260799508,0.25697143893676366,0.2550261012267435
1480.0,0.23850470421973874,0.24974998520040914,0.2568458253625026,0.25489948521735045
1490.0,0.2387515550013422,0.24976581329766795,0.2566470943211973,0.2548355373797936
1500.0,0.2389931009070099,0.24978360706458028,0.25644096189436966,0.2547823301340412
1510.0,0.23922952436620104,0.24978889750441768,0.2562973004585541,0.2546842776708283
1520.0,0.23946094224336795,0.24978247750783722,0.2562141441703194,0.2545424360784766
1530.0,0.23968741550662062,0.24977784693027572,0.2561276330961521,0.25440710446695275
1540.0,0.23990901300264347,0.24978514272177293,0.25598769670062377,0.2543181475749609
1550.0,0.24012585239659467,0.24980043604485416,0.2558105213946957,0.2542631901638565
1560.0,0.2403380762112683,0.2498114052576963,0.25565371212511906,0.2541968064059174
1570.0,0.24054579725503902,0.24981148894916236,0.2555494805215923,0.25409323327420724
1580.0,0.24074907807393697,0.2498063185355571,0.25547261601693755,0.2539719873735694
1590.0,0.24094796545649513,0.24980633119951665,0.25537398316627674,0.2538717201777125
1600.0,0.2411425387256256,0.24981504213907352,0.25523615517497417,0.2538062639603278
1610.0,0.24133291914953053,0.24982609110260295,0.2550886760234122,0.25375231372445545
1620.0,0.24151923438566433,0.24983126178899187,0.2549709227787138,0.25367858104663116
1630.0,0.24170158012793214,0.24982959203413294,0.25488844134812055,0.2535803864898155
1640.0,0.24188001902750828,0.2498276151109131,0.2548106217416204,0.25348174411995933
1650.0,0.24205461238857817,0.2498314556543396,0.25470767014300244,0.253406261814081
1660.0,0.24222544579731378,0.2498402245694643,0.25458263084630833,0.2533516987869147
1670.0,0.24239262145107607,0.24984771524464464,0.2544644300460032,0.2532952332582772
1680.0,0.24255622965405535,0.2498496658919984,0.2543737458348534,0.25322035861909403
1690.0,0.242716333561987,0.2498481388319944,0.2543015467853459,0.2531339808206738
1700.0,0.24287298333410587,0.24984860541289597,0.2542220727389629,0.2530563385140363
1710.0,0.2430262421083698,0.24985368235120792,0.2541224463007863,0.25299762923963715
1720.0,0.24317619494219228,0.24986064400368282,0.25401511047974074,0.25294805057438535
1730.0,0.24332293291992418,0.2498649736076824,0.2539215567429146,0.25289053672948
1740.0,0.2434665318793997,0.24986544953076817,0.25384807606154214,0.25281994252829115
1750.0,0.24360704866006674,0.2498651045188272,0.25378059464697905,0.25274725217412825
1760.0,0.24374453635219923,0.2498674786342818,0.2537020678192623,0.252685917194258
1770.0,0.24387905956160305,0.24987273333152424,0.2536111671292216,0.2526370399776524
1780.0,0.2440106930928709,0.2498778411518103,0.25352194198709865,0.25258952376822147
1790.0,0.2441395074920965,0.24988019992193952,0.2534469172492821,0.2525333753366832
1800.0,0.2442655589082822,0.24988039327384215,0.25338370076412814,0.2524703470537488
1810.0,0.24438889421262303,0.24988121102022734,0.2533191729784441,0.2524107217887068
1820.0,0.2445095645631704,0.24988439802710358,0.2532447975396856,0.2523612398700418
1830.0,0.2446276320653249,0.24988889060583067,0.2531652962188486,0.2523181811099972
1840.0,0.24474316312533043,0.24989227918638526,0.25309205353225855,0.25227250415602714
1850.0,0.24485621699953333,0.24989356170841814,0.2530300546982216,0.25222016659382823
1860.0,0.24496684220185314,0.24989407245670167,0.2529731727928448,0.2521659125486017
1870.0,0.24507508355142812,0.24989578481598132,0.25291197373344293,0.252117157899149
1880.0,0.24518099092214418,0.249899110298248,0.2528442330938567,0.2520756656857525
1890.0,0.2452846200174206,0.24990262626309914,0.25277651086280034,0.2520362428566812
1900.0,0.2453860252847477,0.24990481405983778,0.2527160693919374,0.2519930912634784
1910.0,0.24548525363851453,0.24990570955186783,0.252662924380285,0.2519461124293339
1920.0,0.24558234586062744,0.24990669356090278,0.2526105965822261,0.2519003639962449
1930.0,0.2456773434793835,0.24990885334831414,0.25255379371800957,0.25186000945429393
1940.0,0.24577029319645405,0.24991184164157065,0.2524939647075523,0.2518239004544241
1950.0,0.2458612443827765,0.24991441026649577,0.2524369640000602,0.2517873813506686
1960.0,0.24595024308080143,0.2499158578290883,0.2523862170889038,0.2517476820012076
1970.0,0.2460373293100488,0.2499167277493161,0.25233926226326264,0.2517066806773737
1980.0,0.24612254015422344,0.24991808565174703,0.2522910303372437,0.25166834385678694
1990.0,0.24620591461610392,0.249920312758511,0.25223957891259036,0.2516341937127959
2000.0,0.24628749479735396,0.2499227712227655,0.25218781941059215,0.25160191456928954
2010.0,0.2463673225662634,0.24992460641131253,0.25213981389357604,0.25156825712884917
2020.0,0.24644543586711348,0.2499256944967181,0.25209623808169646,0.25153263155447314
2030.0,0.24652186876478105,0.24992669611129406,0.25205400116070914,0.2514974339632169
2040.0,0.24659665482747756,0.2499282567387003,0.2520099745703384,0.2514651138634849
2050.0,0.24666982987244312,0.24993031134449484,0.25196435117302296,0.25143550761004024
2060.0,0.2467414312029933,0.2499322328058765,0.25192004856032313,0.25140628743080834
2070.0,0.2468114945512086,0.24993357109933165,0.2518792368098864,0.2513756975395746
2080.0,0.24688005227263146,0.24993452024299695,0.2518410562943583,0.25134437119001457
2090.0,0.24694713459556486,0.24993563880721417,0.25180285869459984,0.25131436790262235
2100.0,0.24701277223678933,0.2499372079413506,0.2517632428367432,0.25128677698511803
2110.0,0.2470769974170573,0.24993895975130306,0.25172340998906556,0.2512606328425752
2120.0,0.247139842374664,0.24994042829353802,0.2516855603467588,0.2512341689850403
2130.0,0.2472013372836997,0.24994147541244952,0.2516503881639578,0.2512067991398942
2140.0,0.24726150991877888,0.24994240434812753,0.2516164792807009,0.25117960645239384
2150.0,0.24732038726238811,0.249943583940662,0.2515820517871939,0.25115397700975717
2160.0,0.24737799712737193,0.24994504318094699,0.25154690250218087,0.25113005718950143
2170.0,0.24743436805674715,0.24994647739215684,0.25151243461400924,0.25110671993708794
2180.0,0.2474895278102357,0.24994761410114763,0.25147994843134175,0.25108290965727603
2190.0,0.24754350223548596,0.24994850409065295,0.25144923184978063,0.2510587618240816
2200.0,0.24759631570837687,0.24994943161680286,0.251418939515154,0.2510353131596674
2210.0,0.2476479925032979,0.2499505826535108,0.25138815406678305,0.25101327077640934
2220.0,0.24769855752286857,0.24995185589241412,0.251357313573331,0.2509922730113874
2230.0,0.24774803568319667,0.24995300468474324,0.2513275736844619,0.25097138594759927
2240.0,0.24779645078087273,0.24995392012040163,0.25129946555118227,0.2509501635475444
2250.0,0.24784382513676617,0.24995473395943837,0.251272376343484,0.25092906456031244
2260.0,0.24789018032912388,0.24995565018984825,0.2512453224082189,0.25090884707281
2270.0,0.24793553811705038,0.24995671702681854,0.25121803795301884,0.25088970690311324
2280.0,0.24797992054769027,0.24995779219894135,0.25119116896673777,0.2508711182866316
2290.0,0.24802334923217853,0.24995871776831805,0.25116546171489107,0.2508524712846133
2300.0,0.24806584467398235,0.2499594927521408,0.2511409325388744,0.2508337300350035
2310.0,0.24810742637986954,0.24996025734951288,0.25111691773278894,0.2508153985378296
2320.0,0.24814811355777291,0.24996112661671277,0.25109285227207295,0.25079790755344233
2330.0,0.24818792559426586,0.24996206964745712,0.2510688565399446,0.2507811482183334
2340.0,0.24822688183066502,0.24996295965780094,0.25104551855917145,0.2507646399523636
2350.0,0.2482650009668013,0.24996372198664216,0.25102319561454545,0.25074808143201216
2360.0,0.24830230078653617,0.2499644094099637,0.25100164219969545,0.25073164760380573
2370.0,0.24833879847483165,0.2499651314560056,0.2509803300746381,0.2507157399945257
2380.0,0.24837451112740505,0.24996593017055388,0.2509590385346229,0.25070052016741917
2390.0,0.2484094558901286,0.2499667423987547,0.250938047869806,0.25068575384131175
2400.0,0.24844364962721974,0.2499674798260822,0.2509177708142834,0.2506710997324157
2410.0,0.24847710853734664,0.2499681274299272,0.25089828175445017,0.2506564822782771
2420.0,0.24850984814726074,0.24996875197032986,0.25087926352380496,0.25064213635860544
2430.0,0.24854188365705135,0.2499694213133539,0.2508603829407929,0.25062831208880293
2440.0,0.2485732302343152,0.24997013147390573,0.25084164246616547,0.25061499582561464
2450.0,0.24860390295345405,0.2499708192672213,0.250823330931989,0.2506019468473367
2460.0,0.24863391649232622,0.2499714374487718,0.2508056707265596,0.25058897533234337
2470.0,0.2486632849475005,0.24997200433215983,0.25078857572384344,0.2505761349964973
2480.0,0.24869202196139625,0.24997257707994328,0.25077176932855766,0.25056363163010387
2490.0,0.24872014099604833,0.24997318598312032,0.2507550952318817,0.2505515777889507
2500.0,0.2487476554486443,0.2499738049591235,0.25073866432970304,0.2505398752625302
2510.0,0.2487745785082967,0.24997438618255952,0.2507226970695535,0.2505283382395913
2520.0,0.2488009229443975,0.24997491438624667,0.2507072650849261,0.2505168975844308
2530.0,0.2488267010698027,0.24997542003890338,0.2506922221849202,0.25050565670637476
2540.0,0.24885192490640154,0.24997594170690388,0.25067737830518705,0.2504947550815086
2550.0,0.2488766063587892,0.2499764838339659,0.25066270180545525,0.2504842080017906
2560.0,0.24890075721410765,0.2499770160041582,0.2506483286272939,0.25047389815444127
2570.0,0.24892438899327743,0.24997750992567186,0.25063438958967743,0.2504637114913743
2580.0,0.24894751283632208,0.24997797001946348,0.2506208624360642,0.2504536547081513
2590.0,0.24897013954727318,0.24997842528028721,0.2506076056868116,0.25044382948562904
2600.0,0.24899227973771174,0.24997889550646657,0.25059451753909157,0.2504343072167311
2610.0,0.24901394390861,0.24997937114573054,0.2505816346788669,0.25042505026679346
2620.0,0.24903514239412594,0.24997982707086655,0.250569070714719,0.25041595982028947
2630.0,0.24905588524886027,0.24998025165054388,0.2505568785115328,0.250406984589064
2640.0,0.2490761822120722,0.24998065803894068,0.25054499346724635,0.2503981662817417
2650.0,0.24909604278437492,0.2499810674708049,0.2505333099767993,0.25038957976802184
2660.0,0.24911547632699785,0.24998148566957193,0.2505217938944927,0.25038124410893847
2670.0,0.24913449207894148,0.24998189860193964,0.25051050556940324,0.25037310374971655
2680.0,0.2491530990872699,0.24998229003384834,0.250499518400423,0.2503650924784596
2690.0,0.24917130613996924,0.24998265950882112,0.25048883244696174,0.25035720190424876
2700.0,0.24918912177787708,0.24998302130572772,0.2504783768404991,0.2503494800758969
2710.0,0.24920655436842293,0.2499833875806671,0.2504680886891279,0.25034196936178293
2720.0,0.24922361215890024,0.24998375566346814,0.250457974737516,0.25033465744011646
2730.0,0.2492403032583331,0.24998411275171983,0.2504480911903752,0.2503274927995727
2740.0,0.24925663557957256,0.24998445103635025,0.25043847241654477,0.25032044096753325
2750.0,0.24927261681285137,0.24998477575748615,0.25042909124636215,0.25031351618330117
2760.0,0.24928825446000016,0.24998509828453147,0.2504198901857137,0.2503067570697555
2770.0,0.24930355588976016,0.24998542333853366,0.2504108420403638,0.25030017873134325
2780.0,0.2493185283560833,0.24998574479010782,0.25040197128661645,0.2502937555671932
2790.0,0.24933317896738028,0.24998605365188745,0.2503933173010319,0.25028745007970116
2800.0,0.24934751464906624,0.24998634826001886,0.25038488570620426,0.25028125138471136
2810.0,0.2493615421440385,0.24998663542159036,0.2503766416154792,0.25027518081889283
2820.0,0.24937526804983862,0.24998692227889677,0.2503685474834432,0.25026926218782225
2830.0,0.2493886988516726,0.24998720870844596,0.25036059972838487,0.25026349271149745
2840.0,0.2494018409194496,0.24998748840222135,0.2503528247234182,0.25025784595491174
2850.0,0.24941470047936604,0.2499877564968738,0.25034524301163136,0.25025230001212967
2860.0,0.24942728359669256,0.24998801481969413,0.2503378437545256,0.25024685782908856
2870.0,0.24943959619051737,0.24998826930705081,0.25033059607024816,0.25024153843218455
2880.0,0.24945164406401277,0.24998852327626353,0.25032348081375194,0.2502363518459727
2890.0,0.24946343291895326,0.24998877426001812,0.2503165062798156,0.2502312865412139
2900.0,0.24947496834343683,0.24998901744223773,0.25030969258511193,0.2502263216292144
2910.0,0.24948625579194436,0.2499892512477564,0.2503030450835056,0.2502214478767945
2920.0,0.2494973005829054,0.24998947881183256,0.2502965467367744,0.25021667386848856
2930.0,0.24950810791723455,0.24998970418975733,0.2502901756190399,0.25021201227396916
2940.0,0.24951868289813398,0.24998992799358807,0.25028392581701187,0.25020746329126703
2950.0,0.2495290305333259,0.24999014722093352,0.2502778088276418,0.2502030134180998
2960.0,0.2495391557217724,0.24999035901643302,0.25027183600831365,0.25019864925348195
2970.0,0.24954906324358284,0.2499905638493413,0.2502660032184943,0.2501943696885826
2980.0,0.24955875776613118,0.2499907647488886,0.25026029395494925,0.25019018353003203
2990.0,0.249568243860469,0.2499909638519927,0.25025469558223107,0.2501860967053082
3000.0,0.24957752601153488,0.24999116029619484,0.25024920964611375,0.25018210404615754
3010.0,0.24958660861415577,0.24999135158396965,0.2502438457877062,0.25017819401416946
3020.0,0.24959549596300015,0.24999153656185694,0.25023860763901723,0.2501743598361267
3030.0,0.2496041922502258,0.24999171661714129,0.2502334868241401,0.2501706043084938
3040.0,0.24961270157470417,0.24999189399090674,0.2502284706752174,0.2501669337591727
3050.0,0.2496210279536567,0.24999206935951787,0.25022355375978006,0.25016334892704645
3060.0,0.24962917532602835,0.24999224136035963,0.25021874042600595,0.2501598428876071
3070.0,0.2496371475468417,0.24999240837550507,0.25021403653684204,0.25015640754081225
3080.0,0.24964494838160603,0.24999257040606068,0.2502094404653497,0.25015304074698463
3090.0,0.24965258150889516,0.24999272897452818,0.2502049432961247,0.250149746220453
3100.0,0.24966005052927376,0.2499928853916139,0.25020053693398747,0.2501465271451259
3110.0,0.24966735897211007,0.24999303944173548,0.2501962204807253,0.2501433811054302
3120.0,0.24967451029495177,0.24999318986756117,0.25019199815000986,0.2501403016874782
3130.0,0.24968150787881396,0.24999333591911482,0.25018787196512154,0.2501372842369507
3140.0,0.24968835502662168,0.24999347818767503,0.25018383764999996,0.2501343291357044
3150.0,0.24969505496788308,0.24999361789751992,0.25017988782215317,0.2501314393124449
3160.0,0.24970161086556242,0.24999375558252737,0.2501760182720581,0.25012861527985314
3170.0,0.24970802581914056,0.24999389064577698,0.25017223020126883,0.25012585333381465
3180.0,0.2497143028624262,0.24999402221526204,0.25016852628163977,0.25012314864067303
3190.0,0.24972044496090406,0.24999415016920173,0.25016490575184974,0.2501204991180455
3200.0,0.24972645501278412,0.24999427527373444,0.25016136362926455,0.25011790608421797
3210.0,0.24973233585403828,0.24999439830796696,0.2501578947796862,0.2501153710583096
3220.0,0.24973809026280147,0.24999451928205435,0.25015449769078485,0.25011289276436044
3230.0,0.24974372095992248,0.24999463758297213,0.25015117389281377,0.2501104675642927
3240.0,0.24974923060706072,0.24999475274751298,0.2501479243353396,0.25010809231008774
3250.0,0.24975462180572386,0.24999486503702864,0.2501447465850075,0.25010576657224104
3260.0,0.24975989709995577,0.2499949751095042,0.25014163628870756,0.25010349150183353
3270.0,0.24976505898029994,0.24999508334320775,0.2501385903682493,0.25010126730824406
3280.0,0.24977010988626405,0.24999518949016872,0.25013560873900414,0.2500990918845641
3290.0,0.24977505220573168,0.24999529308080914,0.2501326924612665,0.25009696225219363
3300.0,0.24977988827374215,0.24999539400564222,0.25012984096883334,0.2500948767517833
3310.0,0.24978462037313384,0.24999549265655385,0.2501270513282702,0.25009283564204315
3320.0,0.2497892507374535,0.24999558949601525,0.25012432023072906,0.25009083953580324
3330.0,0.24979378155381035,0.24999568459720947,0.2501216462013591,0.2500888876476221
3340.0,0.24979821496380492,0.24999577765016098,0.25011902963080906,0.2500869777552261
3350.0,0.24980255306274754,0.24999586839465357,0.25011647075319016,0.25008510778940984
3360.0,0.24980679789939159,0.24999595693895668,0.2501139680957869,0.2500832770658659
3370.0,0.2498109514773841,0.24999604366420206,0.2501115188815661,0.25008148597684887
3380.0,0.24981501575792134,0.2499961288072791,0.25010912099275434,0.25007973444204634
3390.0,0.24981899266130583,0.2499962122845245,0.2501067738470892,0.25007802120708156
3400.0,0.24982288406727146,0.24999629382924557,0.2501044777859058,0.25007634431757825
3410.0,0.24982669181429207,0.24999637337486993,0.2501022322550563,0.2500747025557828
3420.0,0.24983041770020895,0.2499964511298469,0.2501000354116607,0.2500730957582845
3430.0,0.24983406348396725,0.24999652737537204,0.2500978850503905,0.25007152409027134
3440.0,0.24983763088754743,0.24999660218158193,0.2500957799639447,0.25006998696692695
3450.0,0.24984112159679403,0.24999667539497764,0.25009372003438535,0.25006848297384404
3460.0,0.24984453726126424,0.2499967468671067,0.25009170517059126,0.25006701070103887
3470.0,0.24984787949421589,0.24999681665012546,0.2500897343597816,0.2500655694958781
3480.0,0.24985114987355925,0.24999688496896233,0.2500878057705624,0.2500641593869171
3490.0,0.24985434994357278,0.24999695197906294,0.25008591789214374,0.25006278018522166
3500.0,0.2498574812160737,0.24999701765240562,0.2500840700923742,0.2500614310391475
3510.0,0.24986054517082285,0.24999708184707223,0.25008226231611036,0.25006011066599554
3520.0,0.2498635432553767,0.24999714450866745,0.25008049412936967,0.2500588181065872
3530.0,0.24986647688543262,0.24999720577248033,0.25007876421287695,0.25005755312921113
3540.0,0.2498693474461097,0.24999726580388973,0.2500770711013018,0.25005631564869973
3550.0,0.2498721562931852,0.24999732467471505,0.2500754137681346,0.2500551052639662
3560.0,0.24987490475386273,0.24999738230109977,0.2500737919480853,0.2500539209969532
3570.0,0.24987759412689503,0.2499974385798606,0.25007220550151105,0.2500527617917344
3580.0,0.24988022568252577,0.2499974935481805,0.25007065364531733,0.25005162712397755
3590.0,0.24988280066325863,0.24999754735280744,0.2500691350813475,0.25005051690258756
3600.0,0.24988532028504054,0.24999760010526684,0.25006764867488024,0.25004943093481347
3610.0,0.24988778573816176,0.2499976517994311,0.2500661938535938,0.25004836860881446
3620.0,0.24989019818765631,0.24999770233996277,0.2500647704961963,0.2500473289761857
3630.0,0.24989255877327513,0.24999775168594615,0.25006337825052116,0.25004631129025856
3640.0,0.24989486860973958,0.24999779993049534,0.2500620161398934,0.2500453153198728
3650.0,0.24989712878765538,0.24999784720068138,0.2500606830257235,0.2500443409859408
3660.0,0.249899340374533,0.24999789354632507,0.2500593781343827,0.2500433879447603
3670.0,0.24990150441531425,0.24999793891349228,0.2500581011989632,0.25004245547223136
3680.0,0.24990362193256196,0.24999798322869896,0.2500568520718134,0.25004154276692675
3690.0,0.24990569392645548,0.2499980265105231,0.25005563018755195,0.25004064937547055
3700.0,0.2499077213753065,0.24999806887521275,0.25005443451995923,0.2500397752295226
3710.0,0.24990970523648326,0.2499981104131248,0.25005326416357504,0.250038920186818
3720.0,0.24991164644721894,0.2499981511111857,0.25005211870826266,0.2500380837333338
3730.0,0.24991354592477308,0.2499981909025351,0.25005099801871655,0.25003726515397634
3740.0,0.24991540456654107,0.24999822975972225,0.25004990179524333,0.2500364638784945
3750.0,0.24991722325023724,0.24999826774491724,0.2500488293216566,0.25003567968319
3760.0,0.24991900283456728,0.2499983049644411,0.2500477796706938,0.2500349125302989
3770.0,0.24992074416002014,0.24999834145754624,0.25004675223441963,0.25003416214801516
3780.0,0.24992244804940636,0.24999837717364767,0.2500457468419213,0.2500334279350258
3790.0,0.2499241153077724,0.2499984120676613,0.25004476331417386,0.25003270931039356
3800.0,0.24992574672268034,0.2499984461472918,0.2500438012395006,0.25003200589052843
3810.0,0.24992734306441336,0.24999847949871187,0.2500428598371094,0.25003131759976654
3820.0,0.24992890508675494,0.24999851220149188,0.2500419383532345,0.2500306443585198
3830.0,0.24993043352760103,0.24999854425345513,0.25004103642520437,0.2500299857937406
3840.0,0.24993192910923204,0.24999857559001504,0.2500401540033399,0.25002934129741416
3850.0,0.24993339253824837,0.24999860617971437,0.25003929089847693,0.2500287103835615
3860.0,0.24993482450570886,0.24999863608087036,0.2500384465031835,0.2500280929102385
3870.0,0.2499362256876882,0.2499986653819848,0.2500376200656941,0.2500274888646341
3880.0,0.24993759674594818,0.2499986941196271,0.25003681107986275,0.25002689805456313
3890.0,0.2499389383283421,0.24999872225273592,0.25003601941388315,0.25002632000504
3900.0,0.2499402510688021,0.2499987497306754,0.2500352449994178,0.2500257542011059
3910.0,0.249941535587442,0.24999877655363095,0.25003448754301105,0.2500252003159172
3920.0,0.24994279249070545,0.24999880280143819,0.25003374637314146,0.25002465833471604
3930.0,0.24994402237203536,0.2499988285529989,0.25003302081777523,0.2500241282571916
3940.0,0.24994522581243842,0.24999885380170606,0.25003231061430675,0.2500236097715499
3950.0,0.24994640338069096,0.2499988784796381,0.25003161580384387,0.2500231023358282
3960.0,0.24994755563314022,0.24999890256076693,0.250030936242692,0.25002260556340195
3970.0,0.24994868311389354,0.24999892609403027,0.2500302714421304,0.2500221193499469
3980.0,0.24994978635521892,0.24999894915947696,0.2500296207608594,0.2500216437244459
3990.0,0.24995086587815402,0.24999897179233116,0.2500289837663173,0.25002117856319866
4000.0,0.2499519221927973,0.2499989939555085,0.25002836037783127,0.250020723473864
4010.0,0.24995295579838575,0.24999901558856674,0.250027750640686,0.25002027797236265
4020.0,0.24995396718312596,0.24999903669882687,0.2500271542890616,0.2500198418289867
4030.0,0.24995495682447327,0.24999905736320918,0.25002657072821055,0.25001941508410813
4040.0,0.24995592518967386,0.2499990776405118,0.2500259994459805,0.25001899772383507
4050.0,0.24995687273621234,0.24999909752609395,0.25002544023053497,0.25001858950715994
4060.0,0.2499577999119259,0.24999911696231675,0.2500248931327547,0.2500181899930038
4070.0,0.24995870715490942,0.2499991359201026,0.2500243580829227,0.2500177988420665
4080.0,0.2499595948935472,0.2499991544406947,0.2500238346835428,0.25001741598221655
4090.0,0.24996046354689896,0.24999917259750462,0.2500233223801472,0.25001704147545045
4100.0,0.24996131352517734,0.24999919042441793,0.25002282080240074,0.2500166752480052
4110.0,0.24996214523006616,0.24999920788238889,0.25002232993273554,0.2500163169548106
4120.0,0.24996295905466998,0.24999922491619964,0.25002184984285897,0.25001596618627264
4130.0,0.2499637553833951,0.2499992415302524,0.2500213803306024,0.25001562275575134
4140.0,0.24996453459213197,0.24999925779375173,0.25002092088876543,0.25001528672535206
4150.0,0.24996529704874706,0.24999927376073133,0.2500204710763118,0.2500149581142111
4160.0,0.24996604311346288,0.24999928942439162,0.2500200307392449,0.25001463672290186
4170.0,0.2499667731388973,0.24999930473685386,0.2500195999296202,0.25001432219462993
4180.0,0.249967487470056,0.2499993196597902,0.2500191786672492,0.25001401420290587
4190.0,0.24996818644421184,0.24999933422965298,0.25001876662064015,0.2500137127054963
4200.0,0.24996887039124577,0.24999934852350117,0.2500183632620116,0.25001341782324277
4210.0,0.24996953963413643,0.2499993625682179,0.25001796829875245,0.25001312949889454
4220.0,0.2499701944892158,0.24999937632105346,0.2500175817717351,0.25001284741799695
4230.0,0.24997083526600938,0.2499993897342823,0.25001720375735265,0.25001257124235693
4240.0,0.24997146226720066,0.24999940280886007,0.250016834111178,0.25001230081276254
4250.0,0.24997207578872283,0.24999941560404454,0.2500164724117491,0.2500120361954848
4260.0,0.24997267612017615,0.2499994281758567,0.2500161182468052,0.2500117774571632
4270.0,0.24997326354517496,0.24999944052100725,0.2500157714837482,0.2500115244500708
4280.0,0.24997383834143333,0.24999945258473757,0.25001543224411865,0.25001127682971175
4290.0,0.24997440078061983,0.24999946432950337,0.2500151005795325,0.2500110343103456
4300.0,0.2499749511282681,0.24999947579019655,0.25001477620098345,0.2500107968805532
4310.0,0.24997548964406202,0.2499994870398216,0.2500144586345986,0.25001056468151905
4320.0,0.24997601658228258,0.24999949810500502,0.2500141476237334,0.2500103376889803
4330.0,0.24997653219202978,0.24999950894566283,0.25001384322791903,0.25001011563438963
4340.0,0.2499770367170714,0.24999951950951205,0.25001354557774585,0.250009898195672
4350.0,0.2499775303957381,0.24999952979434392,0.25001325457627455,0.25000968523364464
4360.0,0.24997801346099746,0.24999953985599233,0.2500129698487011,0.25000947683431035
4370.0,0.24997848614080237,0.24999954975683708,0.25001269098225104,0.2500092731201108
4380.0,0.24997894865847323,0.24999955949032507,0.2500124178904729,0.2500090739607301
4390.0,0.2499794012327541,0.249999568994733,0.25001215075671757,0.2500088790157966
4400.0,0.24997984407755752,0.2499995782363945,0.25001188964137777,0.25000868804467147
4410.0,0.24998027740192644,0.24999958725050284,0.2500116342825492,0.25000850106502287
4420.0,0.24998070141028225,0.24999959610388833,0.2500113842634508,0.2500083182223799
4430.0,0.2499811163028276,0.24999960482237277,0.25001113935620933,0.2500081395185916
4440.0,0.24998152227571963,0.24999961336708937,0.2500108996418983,0.25000796471529396
4450.0,0.24998191952093116,0.24999962168815737,0.2500106652648751,0.2500077935260377
4460.0,0.24998230822613715,0.2499996297773475,0.25001043618122515,0.2500076258152915
4470.0,0.24998268857472408,0.24999963768955574,0.2500102120447389,0.2500074616909826
4480.0,0.24998306074612314,0.24999964548657794,0.25000999246942746,0.25000730129787274
4490.0,0.24998342491617664,0.24999965316172043,0.2500097773935495,0.2500071445285547
4500.0,0.24998378125717807,0.2499996606515946,0.2500095670308089,0.2500069910604197
4510.0,0.24998412993757033,0.24999966792535985,0.25000936144884955,0.2500068406882216
4520.0,0.24998447112194533,0.2499996750105959,0.2500091604454002,0.25000669342205994
4530.0,0.24998480497120754,0.24999968197116385,0.2500089636397186,0.25000654941791134
4540.0,0.24998513164292868,0.2499996888435681,0.2500087707738139,0.2500064087396907
4550.0,0.24998545129158872,0.2499996955901407,0.25000858194195535,0.2500062711763165
4560.0,0.24998576406843995,0.2499997021469288,0.2500083973753745,0.2500061364092581
4570.0,0.2499860701212673,0.2499997085021092,0.25000821706764825,0.25000600430897657
4580.0,0.24998636959439202,0.24999971471611754,0.2500080406661626,0.25000587502332916
4590.0,0.24998666262901853,0.2499997208557749,0.25000786777981554,0.25000574873539233
4600.0,0.2499869493636116,0.2499997269138956,0.2500076983667095,0.2500056253557847
4610.0,0.24998722993390102,0.24999973282289917,0.25000753267787146,0.2500055045653298
4620.0,0.24998750447255352,0.24999973854841687,0.25000737081467744,0.2500053861643535
4630.0,0.2499877731091698,0.2499997441090037,0.25000721263688197,0.25000527014494595
4640.0,0.24998803597034572,0.24999974957817128,0.2500070577349982,0.2500051567164862
4650.0,0.24998829318009663,0.2499997549986392,0.25000690583638724,0.2500050459848784
4660.0,0.2499885448601047,0.24999976032843943,0.25000675707218517,0.2500049377392721
4670.0,0.24998879112955222,0.24999976549492053,0.250006611730907,0.2500048316446217
4680.0,0.24998903210480763,0.2499997704857252,0.25000646982339,0.2500047275860786
4690.0,0.24998926789943046,0.2499997753667467,0.25000633098675384,0.2500046257470704
