time_fs,PYR2,PYR3,PYR4,PYR5
0.0,0.0,0.0,0.0,1.0
10.0,5.465767577664163e-07,0.00379450677386992,0.21868529207285872,0.7775196545765136
20.0,2.8928464472749495e-05,0.04940008819204869,0.6096558754761648,0.34091510786731366
30.0,0.0002488654898180668,0.18226900850551012,0.7349569207637384,0.0825252052409336
40.0,0.0009633259741619655,0.3735484694903774,0.48699059876665385,0.1384976057688068
50.0,0.002307527313474874,0.5211187055296063,0.16826273073061632,0.30831103642630264
60.0,0.003952345567381939,0.538418841504006,0.12119854372073634,0.3364302692078762
70.0,0.005280153750827753,0.43283665391337955,0.3566273677836187,0.20525582455217448
80.0,0.005931523406293533,0.2919617339110067,0.5810748646988982,0.12103187798380188
90.0,0.006103291589421729,0.19919863162409354,0.5484661496238153,0.24623192716266978
100.0,0.006243524741946749,0.17038975574076246,0.32054170406819227,0.5028250154490987
110.0,0.006530369884848963,0.16897732984430006,0.16541716508401683,0.6590751351868345
120.0,0.006783687756401572,0.16746471039174218,0.24434185180711637,0.5814097500447403
130.0,0.0068942772472423775,0.17999024779157854,0.4483978058184264,0.3647176691427531
140.0,0.0071816916719021975,0.23453515929650762,0.5447867525402104,0.21349639649138002
150.0,0.008166131540679841,0.32537521857388335,0.4407307091082206,0.22572794077721645
160.0,0.009974885589297839,0.40493077053371473,0.2676425174920265,0.3174518263849611
170.0,0.012086081801857825,0.4249237862661865,0.21502471300564252,0.3479654189263135
180.0,0.013745790728912867,0.3808023234460962,0.320872805073251,0.2845790807517402
190.0,0.014621943835396752,0.3125159042303163,0.4488373320316395,0.22402481990264783
200.0,0.015000344267117466,0.2644487179122973,0.4553886474756246,0.2651622903449609
210.0,0.01536785950060399,0.24906285819999935,0.34542117482641965,0.3901481074729772
220.0,0.015906004140451506,0.24899084407414707,0.25008022953517894,0.4850229222502227
230.0,0.01645257114461807,0.24747973241271426,0.27085270323197524,0.46521499321069265
240.0,0.016890979225257875,0.24919711711847548,0.3730052483148859,0.36090665534138083
250.0,0.017433847658742493,0.26998811633886177,0.43768139562517794,0.27489664037721784
260.0,0.018438616654728644,0.3116860904874015,0.3988561824711939,0.27101911038667587
270.0,0.01997916422546065,0.35331014137564704,0.3083108714265637,0.31839982297232844
280.0,0.02168869516019696,0.36890029182701156,0.26685787446636444,0.34255313854642694
290.0,0.0230669002814932,0.35176108028200537,0.31080952193224703,0.3143624975042544
300.0,0.02391588424616248,0.31915286467646214,0.3807004994263404,0.2762307516510349
310.0,0.024447011688656206,0.2942095261125609,0.39644462371452,0.2848988384842629
320.0,0.02499092484384439,0.2857388686686044,0.34596644427049256,0.34330376221705877
330.0,0.025668817039479104,0.2860312516763843,0.2904554146564021,0.3978445166277347
340.0,0.026372121836050165,0.2852933358749329,0.29006938565119605,0.398265156637821
350.0,0.027009622388177928,0.2842342952512902,0.3390528054451791,0.34970327691535297
360.0,0.02768784559188595,0.291275277068984,0.37905880957826743,0.30197806776086294
370.0,0.028608520463973216,0.30971921723582513,0.3675966239762287,0.29407563832397304
380.0,0.02981919578913279,0.3309211784803466,0.3218447934403033,0.31741483229021755
390.0,0.03111880636092712,0.34135906572553376,0.29352534688074217,0.33399678103279706
400.0,0.032229078891410086,0.33542886415799067,0.3095976896717937,0.3227443672788058
410.0,0.03304058182385555,0.32006823659629685,0.34630734321779055,0.3005838383620571
420.0,0.03367467783217696,0.30708781984698785,0.36063718405868417,0.29860031826215105
430.0,0.034321956870859725,0.3022756228220853,0.3388206589110278,0.3245817613960272
440.0,0.03505540055100921,0.30251670091824023,0.30783421707367936,0.3545936814570711
450.0,0.035812934603486696,0.3023003498372775,0.3017150843823289,0.36017163117690665
460.0,0.0365322845833465,0.30099984895806603,0.3240401205372641,0.3384277459213231
470.0,0.037257444549144744,0.3028393285353369,0.34736739050663273,0.3125358364088854
480.0,0.03809347836819819,0.31061690758670685,0.3461118029135448,0.30517781113154985
490.0,0.039074554843971106,0.321111889212998,0.3237826894980661,0.31603086644496425
500.0,0.0401054524461694,0.3274972926516308,0.3059570695910629,0.32644018531113644
510.0,0.041043285941490676,0.3258729956434989,0.3103877658504291,0.32269595256458067
520.0,0.041826495770533045,0.31872143096070615,0.3289134819372924,0.3105385913314678
530.0,0.042514332742538026,0.3119369817099346,0.3392438539251962,0.3063048316223304
540.0,0.04320789983312554,0.30912024509813885,0.3305621947469056,0.3171096603218293
550.0,0.04395019895191557,0.30920472036011254,0.31386614492659004,0.3329789357613813
560.0,0.04470974968444319,0.3092013039802263,0.30765798303993686,0.33843096329539296
570.0,0.04544758505651933,0.30824499457441196,0.3171528454239305,0.32915457494513745
580.0,0.04617790714553118,0.30832899298381544,0.33009808970624543,0.3153950101644072
590.0,0.04695307203674276,0.3113720009130246,0.33184754904872404,0.3098273780015079
600.0,0.047797573546496906,0.3163840969917962,0.3213407456128715,0.3144775838488347
610.0,0.04867147385000437,0.32003112025359604,0.3107196042636016,0.32057780163279725
620.0,0.049504477785232016,0.3198545799627644,0.31082932429948973,0.31981161795251284
630.0,0.05026090266901923,0.31654573511031525,0.31975768554719874,0.31343567667346595
640.0,0.0509657739547842,0.31297006841149694,0.3263703887448454,0.3096937688888727
650.0,0.051670144628264955,0.31127080331963686,0.32334410439164996,0.31371494766044744
660.0,0.05239935871316257,0.3112164314353803,0.31461725754700826,0.32176695230444813
670.0,0.053139235390708556,0.3112444299636283,0.3098794001446067,0.32573693450105573
680.0,0.05386691618233476,0.31062889303832836,0.3134837568557741,0.322020433923562
690.0,0.05458458185433068,0.3102426590893406,0.3203344182016239,0.3148383408547041
700.0,0.05531742278799789,0.31126445102589767,0.32239498417738777,0.31102314200871595
710.0,0.0560820010038162,0.3135339232425463,0.3176390080267989,0.31274506772683786
720.0,0.05686379197523734,0.31548305682302646,0.3115524070908935,0.3161007441108421
730.0,0.05762916028653635,0.31566046149970606,0.3104075544160636,0.31630282379769326
740.0,0.058357188729180796,0.31411539704954966,0.3144553414426309,0.31307207277863797
750.0,0.05905664418499615,0.3121975141786418,0.31835360923072925,0.31039223240563213
760.0,0.05975244923905541,0.3111358276601813,0.31755271424387405,0.3115590088568884
770.0,0.06045951671117812,0.31099043630836287,0.31310284211061856,0.3154472048698395
780.0,0.06117237774001069,0.31097592454152034,0.30989282965693027,0.3179588680615378
790.0,0.06187830505090448,0.310580834838069,0.310952803393063,0.31658805671796275
800.0,0.0625756174800216,0.3101482061564447,0.3143901411690788,0.3128860351944541
810.0,0.06327597052624148,0.3103509638278181,0.3159615364087598,0.31041152923717985
820.0,0.06398982585833629,0.3112828289197375,0.3138884423172498,0.3108389029046756
830.0,0.06471310530727267,0.3122394810814647,0.31049045427151867,0.31255695933974315
840.0,0.06543010632157192,0.31240542270501814,0.30923747087165715,0.31292700010175206
850.0,0.0661286898679377,0.31165028100843833,0.3109005095189804,0.31132051960464263
860.0,0.06681088146613826,0.3105848893504032,0.313036197564533,0.3095680316189246
870.0,0.06748850638118611,0.30989111397470426,0.3129819505028075,0.309638429141301
880.0,0.06817024705218194,0.3096972557600897,0.3107465249769806,0.31138597221074676
890.0,0.06885455138118372,0.30962559551865354,0.30870003135124485,0.31281982174891676
900.0,0.06953465001985885,0.3093489465239047,0.3087563861547092,0.31236001730152607
910.0,0.07020823891116042,0.3089774714609854,0.3103599359831876,0.3104543536446655
920.0,0.07088043718895196,0.30887389999363646,0.3113526245004544,0.30889303831695614
930.0,0.07155745260457486,0.30917227522082175,0.310468574056966,0.30880169811763647
940.0,0.0722389485961906,0.30957492834646055,0.3085932200227824,0.3095929030345657
950.0,0.0729178063561085,0.3096421071973485,0.3075720437630061,0.30986804268353607
960.0,0.0735871460248613,0.30922990309204973,0.30812323885384296,0.3090597120292453
970.0,0.07424665841103918,0.3086003143272271,0.30919703425512834,0.30795599300660464
980.0,0.07490178764723485,0.3081202478545779,0.3093065980131709,0.30767136648501575
990.0,0.07555749487901296,0.30790674332388696,0.30817764077570065,0.30835812102139887
1000.0,0.07621374976797189,0.3077877065881706,0.3069072701692072,0.30909127347464976
1010.0,0.07686710681025512,0.30756710797653,0.3066287740447206,0.3089370111684937
1020.0,0.07751567842879564,0.30726292911956293,0.3072860277771062,0.30793536467453475
1030.0,0.07816154557196618,0.3070609572134694,0.30782380322436986,0.3069536939901942
1040.0,0.07880819565113363,0.30707028668103714,0.3074316169690529,0.30668990069877583
1050.0,0.07945632506272805,0.3071760967115226,0.30638647565496974,0.30698110257077915
1060.0,0.08010283596077142,0.3071498953051888,0.305633664651187,0.3071136040828523
1070.0,0.0807439456991735,0.3068809764258877,0.30569737465217023,0.30667770322276805
1080.0,0.0813788067320826,0.30647307845600513,0.30616670914034166,0.30598140567157
1090.0,0.08200983156888385,0.30611786196235186,0.3062443373149011,0.30562796915386264
1100.0,0.0826397879505259,0.30590131909862955,0.30564823131385416,0.30581066163698956
1110.0,0.08326909407155166,0.305750595424251,0.30485724572081885,0.3061230647833777
1120.0,0.08389607658329867,0.3055540434215102,0.30451020075447166,0.3060396792407185
1130.0,0.0845194397122959,0.30529952368195196,0.30469974485118406,0.30548129175456706
1140.0,0.08513992446794552,0.3050774607861009,0.3049323916536311,0.30485022309232157
1150.0,0.08575939728472824,0.30496182908070624,0.3047234550163247,0.30455531861823987
1160.0,0.0863786301701009,0.30491516733251106,0.30411644356536216,0.304589758932025
1170.0,0.08699635681698037,0.3048229740614646,0.3035771383154778,0.30460353080607633
1180.0,0.08761056566373643,0.30461148698359386,0.30344622811236216,0.3043317192403065
1190.0,0.08822048655101684,0.30431638300966524,0.303588140182272,0.30387499025704495
1200.0,0.08882713229900867,0.3040348030918662,0.3035912122841846,0.30354685232493955
1210.0,0.08943200649525038,0.30382349730031666,0.3032418775328326,0.3035026186715993
1220.0,0.0900355568914293,0.3036550199499106,0.30273221332894257,0.3035772098297165
1230.0,0.09063701525677002,0.30346847053980275,0.3024076525203546,0.30348686168307176
1240.0,0.09123557507262121,0.3032463174225518,0.30237779455051256,0.3031403129543136
1250.0,0.09183143085929503,0.30303012017370906,0.30242427535613364,0.3027141736108614
1260.0,0.09242553789559929,0.3028653489332869,0.30227164106693527,0.30243747210417776
1270.0,0.0930184838266955,0.3027444222845449,0.30188948487704864,0.30234760901171015
1280.0,0.0936098037477366,0.30261210624222107,0.301497613892003,0.30228047611803854
1290.0,0.09419846521916328,0.3024231451656449,0.3013019677905098,0.30207642182468136
1300.0,0.09478391722737822,0.30218617342000575,0.3012752556029752,0.30175465374964006
1310.0,0.09536655047479906,0.30194885746875944,0.30121294228367956,0.3014716497727612
1320.0,0.09594715961629602,0.3017461827704023,0.3009733591672038,0.30133329844609713
1330.0,0.0965260950110461,0.3015700436709323,0.30062307371370445,0.3012807876043162
1340.0,0.09710303033481012,0.301388523711705,0.3003418641420433,0.3011665818114407
1350.0,0.09767749688012639,0.30118690738988463,0.3002164775141266,0.3009191182158615
1360.0,0.09824949424628691,0.3009829457506945,0.30015745657666704,0.30061010342635075
1370.0,0.09881949074228294,0.30080279524961334,0.30001474604838885,0.30036296795971407
1380.0,0.09938787347736035,0.30064864514174966,0.2997455877528724,0.3002178936280167
1390.0,0.09995450750159804,0.30049498359372295,0.2994483962292693,0.3001021126754087
1400.0,0.1005188831998735,0.3003155853908913,0.2992412279792232,0.2999243034300109
1410.0,0.1010806494654541,0.30010972942411107,0.29913287200251465,0.29967674910791914
1420.0,0.10163993543443249,0.29989995933499397,0.2990258889150196,0.29943421631555284
1430.0,0.10219714978264681,0.29970679299483544,0.2988334532669621,0.29926260395555465
1440.0,0.10275253293549341,0.2995294876852159,0.29857157827614345,0.2991464011031461
1450.0,0.10330596326533596,0.29935197387928186,0.29833033258314945,0.29901173027223166
1460.0,0.10385718355942117,0.2991639372125832,0.29816858873869956,0.298810290489295
1470.0,0.1044061425573875,0.29897216517725456,0.2980540700198755,0.2985676222454815
1480.0,0.1049530601463896,0.29879094285833446,0.2979081119234393,0.2983478850718357
1490.0,0.10549817197191491,0.29862445237239615,0.2976953150352115,0.2981820606204764
1500.0,0.10604146584209331,0.2984615319244661,0.2974567024420115,0.29804029979142815
1510.0,0.10658270171471376,0.29828764945093245,0.29725707879864893,0.2978725700357039
1520.0,0.10712167215063939,0.2980997801031329,0.2971127844978296,0.2976657632483971
1530.0,0.10765840575248509,0.2979081169682137,0.2969796727376339,0.2974538045416665
1540.0,0.10819310739957907,0.29772421637253654,0.2968074407941555,0.29727523543372814
1550.0,0.10872593049727378,0.29754956790082343,0.2965944398866991,0.297130061715203
1560.0,0.10925684190251204,0.29737642477282955,0.2963839818748333,0.2969827514498244
1570.0,0.10978570828204061,0.2971982285142726,0.2962126840228542,0.296803379180832
1580.0,0.11031247923632535,0.2970170681332198,0.29607178034907256,0.29659867228138165
1590.0,0.1108372536882351,0.29684039729800116,0.2959215569067046,0.2964007921070585
1600.0,0.11136016823975436,0.29667184142347336,0.2957374543546179,0.29623053598215365
1610.0,0.11188124778785509,0.29650687372285234,0.2955347394597221,0.2960771390295698
1620.0,0.11240038634008184,0.29633774665873175,0.295347632049066,0.2959142349521197
1630.0,0.11291746869066596,0.2961615855905777,0.29519042760325126,0.2957305181155044
1640.0,0.11343249095953536,0.2959827308861732,0.29504441240651835,0.2955403657477724
1650.0,0.11394555378420661,0.2958074649066751,0.2948817258018393,0.2953652555072784
1660.0,0.11445675089559236,0.2956375367850602,0.2946963596463214,0.2952093526730254
1670.0,0.11496608355171557,0.2954693991324001,0.2945081648493184,0.2950563524665652
1680.0,0.11547348726638569,0.2952991452490028,0.29433858865170764,0.29488877883290315
1690.0,0.11597892621428366,0.29512705601373285,0.29418740425010953,0.2947066135218733
1700.0,0.11648244334664969,0.2949568517591904,0.29403534676356374,0.29452535813059544
1710.0,0.11698411562388839,0.2947910766806663,0.29386692588988605,0.2943578818055585
1720.0,0.11748397299451874,0.29462811071658807,0.2936866354937261,0.2942012807951662
1730.0,0.1179819735294327,0.2944639699457512,0.2935118790531181,0.2940421774716971
1740.0,0.11847805722595074,0.29429654447624165,0.2933528254304304,0.2938725728673764
1750.0,0.11897221402329965,0.29412752226376093,0.29320230917455975,0.2936979545383789
1760.0,0.11946449299622,0.2939602069702897,0.2930454971545299,0.29352980287895963
1770.0,0.1199549501768743,0.2937959947207347,0.29287670554025064,0.29337234956213937
1780.0,0.12044359767638071,0.2936333673145272,0.29270448387083975,0.29321855113825135
1790.0,0.12093040752663071,0.2934701112306012,0.29254081753363653,0.29305866370913064
1800.0,0.12141535845282445,0.2933059418393819,0.29238784091187453,0.2928908587959182
1810.0,0.12189846906227614,0.2931426296032773,0.29223662824183333,0.2927222730926123
1820.0,0.12237978238459488,0.292981778557556,0.2920780117448618,0.29256042731298637
1830.0,0.12285932363668167,0.29282294958906435,0.2919124523109728,0.29240527446328024
1840.0,0.12333708008909283,0.29266416727432415,0.2917484599959712,0.2922502926406109
1850.0,0.1238130231160855,0.29250405717026773,0.2915925461495621,0.2920903735640838
1860.0,0.1242871450365053,0.29234317432602613,0.2914424556553947,0.2919272249820731
1870.0,0.12475947033404683,0.2921831992489334,0.2912905825593906,0.2917667478576283
1880.0,0.12523003250763373,0.29202509037387697,0.2911327514977077,0.2916121256207808
1890.0,0.12569884524186709,0.2918682613131851,0.2909723211335051,0.29146057231144196
1900.0,0.12616589905952685,0.29171150987607225,0.2908157233092318,0.2913068677551684
1910.0,0.12663118350429242,0.2915544669786938,0.29066519517286826,0.29114915434414484
1920.0,0.12709470745562984,0.29139792850199114,0.29051683441068027,0.2909905296316981
1930.0,0.127556495468055,0.29124283752992175,0.29036547290045084,0.2908351941015717
1940.0,0.1280165665976087,0.2910891787663231,0.29021036700749,0.2906838876285775
1950.0,0.12847492060550272,0.29093601050269396,0.2900554966946078,0.290533572197195
1960.0,0.12893154593831788,0.2907825005094903,0.2899047569071954,0.29038119664499584
1970.0,0.1293864389510954,0.29062876110333535,0.28975778211117614,0.2902270178343925
1980.0,0.12983961287196566,0.29047561731760396,0.2896108197709757,0.2900739500394541
1990.0,0.1302910882706975,0.29032367274780535,0.2894611456416877,0.28992409333980884
2000.0,0.13074087737246584,0.2901727412692295,0.2893098760567594,0.28977650530154464
2010.0,0.13118897958424994,0.2900221947996331,0.28916033387524614,0.28962849174087013
2020.0,0.13163539147524453,0.2898717324427104,0.2890142236880819,0.28947865239396253
2030.0,0.13208011853164905,0.28972168531041226,0.28886997501650435,0.2893282211414337
2040.0,0.13252317560340973,0.2895725791264689,0.288724791838863,0.2891794534312576
2050.0,0.13296457672386858,0.2894245141725482,0.2885777909305164,0.28903311817306604
2060.0,0.13340432648727849,0.28927706167141626,0.2884307332203775,0.2888878786209269
2070.0,0.13384242224500656,0.28912974341488556,0.28828583263856006,0.28874200170154696
2080.0,0.13427886377188744,0.28898252460945506,0.28814332487401595,0.2885952867446407
2090.0,0.134713659381529,0.28883579409460747,0.2880014360258949,0.2884491104979678
2100.0,0.13514682245128826,0.2886899099151251,0.28785851459890677,0.28830475303467895
2110.0,0.13557836319847325,0.288544841380968,0.2877147917791518,0.288162003641406
2120.0,0.13600828501191978,0.28840027261870205,0.2875719192111914,0.2880195231581858
2130.0,0.13643658863412056,0.288255995689261,0.28743103075072035,0.2878763849258972
2140.0,0.13686327866245518,0.2881121320621359,0.28729157775721975,0.28773301151818836
2150.0,0.13728836499455832,0.2879689616270799,0.28715210363327,0.2875905697450909
2160.0,0.13771185816714757,0.2878265892463138,0.2870119079487519,0.2874496446377857
2170.0,0.13813376429278135,0.2876848307314773,0.2868717116590661,0.28730969331667416
2180.0,0.13855408515133172,0.2875434224817139,0.28673272062150884,0.2871697717454445
2190.0,0.13897282286233503,0.28740229861859273,0.28659527343888613,0.28702960508018505
2200.0,0.13938998370267608,0.2872616332074198,0.28645857374165945,0.28688980934824365
2210.0,0.13980557713373626,0.28712162878625835,0.2863216723439957,0.2867511217360088
2220.0,0.1402196116453503,0.2869823045065461,0.28618450316717264,0.2866135806809301
2230.0,0.14063209221787226,0.2868435076825437,0.28604785300741264,0.2864765470921706
2240.0,0.1410430218893019,0.2867051069947372,0.2859124174943861,0.2863394536215739
2250.0,0.14145240521065858,0.2865671361300509,0.28577806056110844,0.2862023980981812
2260.0,0.1418602495991111,0.2864297376096129,0.2856440511611254,0.28606596163014986
2270.0,0.14226656333493462,0.2862929903260946,0.285509913016272,0.285930533322698
2280.0,0.14267135272825204,0.2861568213807368,0.28537590560337905,0.28579592028763134
2290.0,0.14307462162295062,0.28602109050316593,0.2852426605147721,0.2856616273591106
2300.0,0.14347637355377788,0.2858857395947769,0.2851104590221019,0.28552742782934254
2310.0,0.143876613989795,0.28575084107606996,0.2849789674188195,0.28539357751531474
2320.0,0.14427535027927565,0.2856165047774326,0.28484766314276005,0.2852604818005309
2330.0,0.14467258962964374,0.2854827583915776,0.2847164160301836,0.28512823594859427
2340.0,0.14506833750769554,0.28534953123684687,0.2845855821371968,0.28499654911826
2350.0,0.1454625981075125,0.2852167451272227,0.2844555642339789,0.2848650925312852
2360.0,0.14585537611771238,0.2850844010503144,0.284326371221815,0.2847338516101575
2370.0,0.14624667771129438,0.28495256812049,0.28419765037208977,0.28460310379612513
2380.0,0.1466365097618615,0.28482129780082666,0.28406910465744556,0.2844730877798656
2390.0,0.1470248783222537,0.28469056484069216,0.28394080373136343,0.28434375310569
2400.0,0.14741178809583796,0.284560296858662,0.28381306571282194,0.28421484933267743
2410.0,0.14779724337608918,0.28443045201176453,0.2836860856030906,0.284086219009055
2420.0,0.14818124930422863,0.28430105688959745,0.28355973759516506,0.28395795621100817
2430.0,0.14856381207507544,0.28417216855853283,0.283433744686639,0.28383027467975197
2440.0,0.14894493799842107,0.2840438098350793,0.28330799154814823,0.28370326061835066
2450.0,0.14932463255163572,0.2839159495295817,0.2831826285302402,0.2835767893885416
2460.0,0.1497029004333577,0.2837885429743492,0.28305787812583255,0.2834506784664597
2470.0,0.1500797464322789,0.28366158162138233,0.2829337856909894,0.2833248862553486
2480.0,0.15045517607145356,0.2835350969736191,0.282810188383124,0.2831995385718026
2490.0,0.15082919534903766,0.28340911966362947,0.2826869115660742,0.283074773421258
2500.0,0.1512018099531662,0.28328364311348436,0.2825639558265096,0.282950591106839
2510.0,0.151573024856849,0.28315863091393256,0.28244147471192665,0.2828268695172911
2520.0,0.15194284469488212,0.2830340556837431,0.2823195907362804,0.28270350888509366
2530.0,0.15231127444114398,0.2829099246528333,0.2821982652195203,0.28258053568650177
2540.0,0.15267831963279618,0.2827862660485052,0.28207735632616004,0.2824580579925379
2550.0,0.15304398595810964,0.28266309531933087,0.28195678128062707,0.28233613744193187
2560.0,0.1534082787219498,0.28254039938865766,0.28183659691673213,0.28221472497265987
2570.0,0.15377120277389453,0.2824181534295131,0.2817169210098539,0.2820937227867379
2580.0,0.15413276291720887,0.2822963480593836,0.28159779692589326,0.28197309209751376
2590.0,0.15449296429809284,0.28217499630695886,0.2814791534149745,0.28185288597997327
2600.0,0.15485181235327344,0.2820541150653237,0.2813608921842593,0.28173318039714307
2610.0,0.15520931241975724,0.2819337039871225,0.2812429947107594,0.28161398888236044
2620.0,0.15556546946510993,0.2818137450494753,0.2811255313848437,0.28149525410057064
2630.0,0.15592028821891718,0.2816942212555498,0.2810085740158021,0.28137691650973046
2640.0,0.1562737735236342,0.281575132432425,0.2808921167419379,0.2812589773020025
2650.0,0.15662593050813825,0.28145649161555647,0.2807760892812897,0.2811414885950151
2660.0,0.15697676441995692,0.28133830804274895,0.2806604380140492,0.28102448952324444
2670.0,0.1573262803360182,0.28122057643235887,0.2805451799783636,0.28090796325325884
2680.0,0.15767448307477766,0.28110328314942784,0.28043037485781025,0.2807918589179838
2690.0,0.15802137737881342,0.28098642055271106,0.2803160542215124,0.28067614784696265
2700.0,0.15836696813789378,0.2808699930371327,0.2802021889281202,0.28056084989685276
2710.0,0.1587112604050926,0.2807540091572182,0.28008872550003866,0.28044600493765004
2720.0,0.1590542592109012,0.28063846991995933,0.27997564457875246,0.2803316262903865
2730.0,0.1593959693977313,0.2805233663744827,0.2798629761712533,0.2802176880565322
2740.0,0.15973639565257802,0.2804086881975146,0.2797507600859485,0.2801041560639584
2750.0,0.16007554268228444,0.28029443291169676,0.27963900034374023,0.27999102406227805
2760.0,0.1604134153297912,0.28018060584122095,0.2795276631582849,0.2798783156707023
2770.0,0.1607500185141895,0.28006721188411504,0.2794167158233556,0.27976605377833935
2780.0,0.16108535707969623,0.2799542488086101,0.27930616010707177,0.2796542340046214
2790.0,0.16141943572563902,0.2798417090459092,0.2791960247467492,0.27954283048170203
2800.0,0.16175225908253038,0.2797295869785896,0.2790863298209768,0.27943182411790274
2810.0,0.16208383183432817,0.27961788320908676,0.2789770644308032,0.27932122052578134
2820.0,0.16241415874889428,0.27950660152636614,0.27886820020664205,0.27921103951809695
2830.0,0.16274324459361914,0.27939574266956313,0.2787597220844173,0.2791012906523999
2840.0,0.16307109403962283,0.27928530199641094,0.278651641357769,0.27899196260619674
2850.0,0.16339771165971656,0.27917527320173724,0.2785439789039984,0.2788830362345473
2860.0,0.16372310201281032,0.27906565345879164,0.278436740012498,0.2787745045158996
2870.0,0.1640472697154906,0.2789564443387743,0.27832990879588176,0.2786663771498529
2880.0,0.16437021942600483,0.278847647990867,0.27822346604356735,0.27855866653956035
2890.0,0.16469195576820062,0.27873926321366227,0.2781174086291083,0.2784513723890284
2900.0,0.16501248328386964,0.27863128560985106,0.27801174944994045,0.2783444816563384
2910.0,0.16533180646114434,0.27852371116088914,0.2779065001204499,0.27823798225751617
2920.0,0.16564992979913434,0.27841653895122553,0.2778016569980476,0.2781318742515921
2930.0,0.16596685783460607,0.2783097701893585,0.27769720520041347,0.2780261667756215
2940.0,0.16628259510584364,0.27820340500010804,0.2775931342634601,0.2779208656305877
2950.0,0.16659714609961265,0.2780974407019265,0.27748944732468606,0.2778159658737743
2960.0,0.1669105152404879,0.2779918733006621,0.27738615460944854,0.277711456849401
2970.0,0.16722270692976285,0.2778867002386043,0.277283260092082,0.27760733273955035
2980.0,0.16753372558725788,0.27778192135804053,0.27718075627201594,0.27750359678268516
2990.0,0.16784357565109748,0.2776775371979749,0.2770786320120401,0.27740025513888705
3000.0,0.16815226154033636,0.2775735467823386,0.27697688339028986,0.27729730828703464
3010.0,0.16845978762547772,0.2774699473205243,0.2768755155323123,0.2771947495216851
3020.0,0.16876615823723484,0.2773667358970242,0.2767745345161807,0.2770925713495596
3030.0,0.16907137769952843,0.27726391108806314,0.27667393918858463,0.2769907720238233
3040.0,0.16937545034824802,0.2771614727737844,0.2765737216611761,0.2768893552167909
3050.0,0.16967838051733553,0.27705942054809446,0.27647387498255976,0.2767883239520097
3060.0,0.16998017251002911,0.27695775257831395,0.27637439905490885,0.27668767585674753
3070.0,0.1702808305887557,0.2768564661452786,0.2762752984228523,0.27658740484311284
3080.0,0.1705803589926592,0.2767555590906666,0.27617657530792683,0.27648750660874677
3090.0,0.17087876196064586,0.27665503050450513,0.2760782260105154,0.276387981524333
3100.0,0.17117604373533776,0.2765548800378808,0.27598024399969184,0.27628883222708894
3110.0,0.17147220854574552,0.2764551066997167,0.2758826257712239,0.2761900589833133
3120.0,0.17176726058934574,0.2763557084828514,0.27578537286735877,0.2760916580604435
3130.0,0.17206120403379552,0.2762566831672515,0.27568848807537283,0.2759936247235796
3140.0,0.17235404303358853,0.2761580292353687,0.27559197083552733,0.2758959568955148
3150.0,0.17264578174180203,0.27605974593206356,0.27549581672663936,0.27579865559949446
3160.0,0.17293642430568612,0.27596183249376144,0.2754000211346324,0.2757017220659194
3170.0,0.17322597485092597,0.2758642874362109,0.2753045828903933,0.2756051548224693
3180.0,0.17351443747510206,0.27576710874548527,0.27520950355597956,0.2755089502234325
3190.0,0.17380181625410146,0.27567029457005776,0.2751147841355564,0.27541310504028377
3200.0,0.17408811525598575,0.2755738437423415,0.27502042241182134,0.2753176185898508
3210.0,0.17437333854400328,0.27547775545105996,0.27492641440061766,0.27522249160431855
3220.0,0.1746574901692248,0.2753820286384313,0.2748327572653992,0.2751277239269442
3230.0,0.17494057415973846,0.27528666168231813,0.27473945097077673,0.27503331318716606
3240.0,0.17522259452049924,0.2751916527852626,0.27464649646128814,0.27493925623294946
3250.0,0.1755035552411955,0.2750970004698659,0.2745538931993828,0.2748455510895553
3260.0,0.1757834603042022,0.2750027037175223,0.2744616383626405,0.2747521976156345
3270.0,0.17606231368257352,0.2749087615489483,0.2743697288299078,0.2746591959385699
3280.0,0.1763401193326501,0.27481517264743294,0.27427816308338343,0.27456654493653304
3290.0,0.17661688118860128,0.2747219353471064,0.2741869413902796,0.2744742420740122
3300.0,0.1768926031662182,0.2746290480550488,0.27409606379482415,0.2743822849839084
3310.0,0.17716728916935404,0.27453650950975034,0.2740055288085159,0.2742906725123792
3320.0,0.17744094309365363,0.2744443187146047,0.27391533364719867,0.2741994045445425
3330.0,0.17771356882193598,0.27435247454673933,0.2738254761225737,0.2741084805087504
3340.0,0.17798517021899496,0.27426097558970247,0.2737359555068791,0.2740178986844229
3350.0,0.17825575113008837,0.27416982029143994,0.2736467718194235,0.2739276567590475
3360.0,0.1785253153856596,0.2740790072645068,0.2735579243381268,0.27383775301170615
3370.0,0.17879386680561202,0.2739885353843444,0.27346941105765954,0.2737481867523834
3380.0,0.17906140919902105,0.27389840357606315,0.2733812296840715,0.2736589575408436
3390.0,0.1793279463601253,0.2738086105973058,0.27329337872399534,0.2735700643185729
3400.0,0.1795934820648283,0.2737191549934988,0.27320585777010736,0.27348150517156483
3410.0,0.17985802007266377,0.2736300353332108,0.2731186663834019,0.2733932782107229
3420.0,0.18012156413008265,0.27354125037014854,0.27303180328714677,0.27330538221262135
3430.0,0.1803841179730258,0.27345279900806957,0.27294526648020345,0.27321781653870053
3440.0,0.180645685325218,0.2733646801271488,0.2728590540721571,0.2731305804754754
3450.0,0.18090626989413808,0.27327689241567327,0.27277316513493305,0.27304367255525486
3460.0,0.1811658753708061,0.2731894344858283,0.272687599167103,0.2729570909762619
3470.0,0.1814245054312913,0.2731023050196715,0.27260235538488703,0.27287083416414953
3480.0,0.1816821637401881,0.2730155028660174,0.27251743220523894,0.27278490118855486
3490.0,0.18193885395103906,0.2729290269423398,0.27243282769179017,0.27269929141483035
3500.0,0.18219457970319042,0.2728428760515126,0.2723485404675665,0.2726140037777298
3510.0,0.18244934461987958,0.27275704885909713,0.2722645698620521,0.2725290366589705
3520.0,0.1827031523094208,0.2726715440457991,0.27218091518797266,0.27244438845680674
3530.0,0.182956006366529,0.27258636039092354,0.2720975753340142,0.2723600579085326
3540.0,0.1832079103751706,0.2725014967989845,0.2720145485871672,0.27227604423867696
3550.0,0.18345886790724206,0.27241695216413736,0.2719318332860193,0.27219234664260056
3560.0,0.18370888251970893,0.27233272525405544,0.27184942841141857,0.27210896381481636
3570.0,0.18395795775411813,0.2722488147627101,0.27176733335042996,0.27202589413274114
3580.0,0.1842060971383448,0.27216521944880356,0.27168554722049126,0.27194313619235966
3590.0,0.1844533041882122,0.2720819381847815,0.27160406861047104,0.27186068901653454
3600.0,0.1846995824082109,0.2719989698867775,0.27152289589158046,0.2717785518134304
3610.0,0.1849449352899984,0.27191631341595995,0.27144202770427195,0.27169672358976893
3620.0,0.18518936631006472,0.27183396752404687,0.27136146325883687,0.2716152029070507
3630.0,0.18543287893039534,0.27175193094993666,0.2712812018782601,0.2715339882414071
3640.0,0.18567547660062758,0.27167020253262625,0.27120124243649396,0.2714530784302514
3650.0,0.18591716275907616,0.2715887812001849,0.2711215833909491,0.27137247264978903
3660.0,0.18615794083208625,0.27150766586323377,0.2710422232880308,0.2712921700166484
3670.0,0.18639781423239854,0.27142685535203354,0.2709631610859616,0.2712121693296056
3680.0,0.18663678635819494,0.27134634844019595,0.2708843960631693,0.27113246913843914
3690.0,0.18687486059435454,0.2712661439372476,0.27080592736557263,0.27105306810282453
3700.0,0.18711204031433373,0.27118624075141123,0.2707277536796262,0.27097396525462814
3710.0,0.18734832888019223,0.27110663782934485,0.2706498735110363,0.2708951597794259
3720.0,0.1875837296413702,0.27102733406815227,0.27057228561679836,0.2708166506736785
3730.0,0.1878182459336981,0.27094832828788307,0.27049498915310044,0.2707384366253177
3740.0,0.1880518810792222,0.27086961930077386,0.2704179833605436,0.27066051625945964
3750.0,0.18828463838736556,0.270791205976586,0.2703412672410103,0.2705828883950374
3760.0,0.18851652115688,0.27071308727213633,0.27026483938400375,0.2705055521869792
3770.0,0.18874753267521907,0.2706352621505918,0.2701886983530714,0.2704285068211171
3780.0,0.18897767621654385,0.2705577294930339,0.27011284313370454,0.27035175115671706
3790.0,0.18920695504121696,0.2704804881199392,0.270037273044385,0.27027528379445814
3800.0,0.18943537239717578,0.27040353689662033,0.2699619872223699,0.27019910348383325
3810.0,0.18966293152072553,0.27032687476788897,0.2698869844484261,0.27012320926295874
3820.0,0.18988963563733546,0.2702505007135998,0.2698122633374383,0.27004760031162584
3830.0,0.19011548796095712,0.27017441369059775,0.2697378226210808,0.26997227572736365
3840.0,0.19034049169209005,0.27009861256935025,0.2696636614796399,0.2698972342589192
3850.0,0.1905646500177956,0.2700230961988431,0.26958977924307637,0.26982247454028424
3860.0,0.1907879661134499,0.2699478634986841,0.26951617493201535,0.26974799545585
3870.0,0.19101044314403984,0.26987291347125714,0.26944284717737593,0.26967379620732645
3880.0,0.1912320842634479,0.26979824511591477,0.2693697946317187,0.269599875988918
3890.0,0.19145289261310358,0.2697238573605908,0.2692970163124631,0.2695262337138418
3900.0,0.19167287132130958,0.2696497490794331,0.26922451153399807,0.2694528680652586
3910.0,0.19189202350406434,0.26957591918047324,0.2691522794868246,0.2693797778286372
3920.0,0.192110352266444,0.26950236664828664,0.26908031901390644,0.26930696207136223
3930.0,0.19232786070318478,0.26942909050642444,0.2690086287736755,0.26923442001671466
3940.0,0.19254455189772318,0.26935608974823266,0.2689372075793958,0.26916215077464767
3950.0,0.19276042892064402,0.269283363294624,0.26886605462564256,0.2690901531590888
3960.0,0.19297549482987147,0.2692109100458893,0.2687951692460064,0.26901842587823216
3970.0,0.19318975267220823,0.2691387289665418,0.26872455049169924,0.2689469678695501
3980.0,0.1934032054840676,0.2690668190951919,0.26865419707258187,0.26887577834815796
3990.0,0.19361585629121378,0.26899517946309504,0.2685841077394136,0.2688048565062769
4000.0,0.19382770810781116,0.26892380904643814,0.26851428152389273,0.2687342013218572
4010.0,0.1940387639353801,0.26885270677775797,0.2684447177067003,0.2686638115801609
4020.0,0.19424902676336248,0.26878187159892836,0.26837541556228695,0.26859368607542145
4030.0,0.19445849957095335,0.2687113025315672,0.26830637399809587,0.26852382389938284
4040.0,0.1946671853274432,0.2686409986468309,0.2682375916883296,0.26845422433739563
4050.0,0.1948750869909823,0.26857095897476907,0.2681690675177804,0.2683848865164675
4060.0,0.19508220750764285,0.2685011824777074,0.2681008007241288,0.26831580929052024
4070.0,0.19528854981159258,0.26843166811125463,0.2680327906131887,0.2682469914639634
4080.0,0.19549411682590656,0.26836241487290763,0.26796503631931845,0.26817843198186664
4090.0,0.195698911463544,0.2682934218317278,0.2678975366498747,0.2681101300548528
4100.0,0.19590293662766453,0.26822468807011973,0.26783029034888195,0.26804208495333304
4110.0,0.1961061952104764,0.2681562126170879,0.2677632964289322,0.26797429574350273
4120.0,0.19630869009170152,0.2680879944380783,0.26769655424863026,0.2679067612215892
4130.0,0.19651042413932399,0.2680200325067902,0.26763006316680304,0.2678394801870821
4140.0,0.19671140021158778,0.26795232588434925,0.267563822137987,0.2677724517660753
4150.0,0.19691162115740812,0.2678848736893202,0.26749782984382875,0.26770567530944217
4160.0,0.19711108981504463,0.26781767499732095,0.26743208518368217,0.2676391500039515
4170.0,0.19730980901125922,0.2677507288115083,0.2673665874283634,0.26757287474886843
4180.0,0.19750778156103366,0.2676840341196594,0.2673013359623911,0.26750684835691513
4190.0,0.19770501026865772,0.26761758996066953,0.2672363299561955,0.2674410698144766
4200.0,0.19790149792911324,0.2675513954429532,0.2671715682546127,0.26737553837332023
4210.0,0.19809724732795564,0.26748544969069676,0.26710704962851056,0.26731025335283637
4220.0,0.19829226123983526,0.2674197517683479,0.2670427731533388,0.26724521383847727
4230.0,0.19848654242762095,0.26735430068123994,0.2669787382241253,0.2671804186670131
4240.0,0.19868009364322478,0.26728909545329155,0.2669149441807392,0.2671158667227438
4250.0,0.19887291762894463,0.2672241351820733,0.2668513900278282,0.2670515571611532
4260.0,0.19906501711793728,0.26715941901371815,0.2667880745421816,0.26698748932616223
4270.0,0.19925639483334598,0.2670949460610679,0.26672499666888755,0.2669236624366979
4280.0,0.19944705348733754,0.26703071537381984,0.26666215567885276,0.2668600754599892
4290.0,0.19963699578081054,0.2669667259859315,0.2665995509560007,0.2667967272772566
4300.0,0.1998262244041858,0.26690297696665355,0.26653718174667984,0.26673361688248015
4310.0,0.20001474203907696,0.2668394674584974,0.2664750469520933,0.26667074355033166
4320.0,0.20020255135810597,0.2667761966268737,0.26641314536551913,0.2666081066495006
4330.0,0.2003896550232892,0.26671316357451996,0.26635147609997784,0.26654570530221233
4340.0,0.20057605568545267,0.26665036734380965,0.26629003858977474,0.2664835383809622
4350.0,0.20076175598510565,0.2665878070034577,0.26622883217308213,0.26642160483835375
4360.0,0.20094675855303487,0.2665254816789663,0.26616785594041387,0.26635990382758423
4370.0,0.2011310660114425,0.26646339055048146,0.2661071087227818,0.2662984347152934
4380.0,0.20131468097317906,0.26640153277753187,0.26604658945538506,0.26623719679390323
4390.0,0.20149760604063882,0.26633990745382946,0.2659862974087562,0.2661761890967748
4400.0,0.20167984380499168,0.2662785136384611,0.2659262320602004,0.266115410496346
4410.0,0.20186139684736876,0.2662173504329692,0.2658663927150157,0.2660548600046455
4420.0,0.20204226774058417,0.2661564170193761,0.26580677829764504,0.2659945369423939
4430.0,0.20222245904895195,0.2660957126048181,0.2657473876119444,0.26593444073428474
4440.0,0.20240197332662913,0.26603523633207604,0.26568821978771723,0.26587457055357683
4450.0,0.2025808131169225,0.26597498727717217,0.26562927430610533,0.2658149252997993
4460.0,0.20275898095326772,0.2659149645432445,0.265570550546966,0.26575550395652103
4470.0,0.2029364793593998,0.2658551672808961,0.26551204769228254,0.2656963056674208
4480.0,0.20311331085121148,0.2657955947129265,0.2654537645759726,0.2656373298598887
4490.0,0.20328947793586397,0.26573624604420465,0.26539570011867963,0.26557857590125106
4500.0,0.2034649831101773,0.26567712040237984,0.2653378536338512,0.2655200428535909
4510.0,0.20363982886009663,0.265618216875612,0.26528022466441786,0.26546172959987274
4520.0,0.20381401766202945,0.2655595345986091,0.26522281255951047,0.2654036351798502
4530.0,0.20398755198442262,0.2655010727910589,0.2651656162666377,0.2653457589578801
4540.0,0.20416043428751532,0.265442830693801,0.26510863463218076,0.26528810038650225
4550.0,0.20433266702197617,0.26538480748840926,0.2650518668004219,0.2652306586891919
4560.0,0.20450425262813599,0.26532700228917905,0.26499531226619105,0.2651734328164932
4570.0,0.20467519353630087,0.2652694142240655,0.264938970495143,0.2651164217444899
4580.0,0.20484549216803877,0.2652120424890544,0.2648828406479292,0.2650596246949769
4590.0,0.20501515093716388,0.26515488633072404,0.26482692164212407,0.2650030410899873
4600.0,0.2051841722491621,0.26509794498801126,0.26477121243334195,0.26494667032948394
4610.0,0.20535255849943765,0.2650412176266638,0.26471571235303093,0.26489051152086684
4620.0,0.20552031207311916,0.2649847033703043,0.2646604209693446,0.26483456358723123
4630.0,0.20568743534646577,0.2649284013936589,0.2646053376291703,0.2647788256307042
4640.0,0.20585393068758875,0.26487231094565583,0.26455046133797216,0.2647232970287825
4650.0,0.20601980045677445,0.264816431289749,0.2644957910298231,0.26466797722365265
4660.0,0.20618504700547344,0.2647607616438312,0.26444132586565655,0.26461286548503804
4670.0,0.20634967267505802,0.2647053011684567,0.26438706531244643,0.26455796084403815
4680.0,0.20651367979713856,0.264650049019956,0.26433300889217687,0.2645032622907279
4690.0,0.20667707069512128,0.26459500442277495,0.2642791558174677,0.2644487690646353
4700.0,0.20683984768499472,0.26454016666081476,0.2642255050169184,0.2643944806372715
