version https://git-lfs.github.com/spec/v1
oid sha256:be35b104fb5080fdca3864429784fd2e7938b6ae8c36af695ea3a25205c15f74
size 113
