*************************************************
******************* ORCA 6.1.1 ******************
*************************************************
$Calculation_Status
   &GeometryIndex 1
   &version [&Type "String"] "6.1.1"
   &progName [&Type "String"] "LeanSCF"
   &Status [&Type "String"] "NORMAL TERMINATION"
$End
$Geometry
   &GeometryIndex 1
   &NAtoms [&Type "Integer"] 28
   &NCorelessECP [&Type "Integer"] 0
   &NGhostAtoms [&Type "Integer"] 0
   &CartesianCoordinates [&Type "Coordinates", &Dim(28,4), &Units "Bohr"] 
              N     81.732317297914   54.801760961064   33.072053889136
              B     81.467608195173   52.343016043119   34.062823943244
              N     79.359776385139   50.692362653858   33.072053645550
              B     76.292617403341   45.777060612306   34.991361754383
              N     78.819373113390   46.871659750203   35.964481036210
              B     80.810138831333   48.413888186915   34.391650554577
              N     82.478033722413   50.480463985433   35.641221091872
              H     76.022040837393   44.315297416410   33.281199140980
              H     79.756019561359   45.482581183949   36.907626358745
              H     81.874123855383   47.054686150397   32.879153357331
              H     84.120065891923   50.362420869402   36.582808317446
              B     72.244230055401   47.337639845590   37.794522576002
              B     76.874059172892   48.320296921034   37.794523192431
              N     74.622122139118   46.964788781513   36.656139368729
              H     72.061570616967   48.896455923383   39.429840366955
              H     77.283787081992   47.849900639230   40.004309665201
              H     76.924152321622   50.576108019617   37.405014050942
              H     70.417375681408   46.146619151927   37.145233919176
              H     83.092140285022   56.025514811462   33.576133458165
              H     80.292666243691   55.584112027600   32.111302900004
              H     79.722084003821   50.444511577427   31.187458825596
              N     75.923401100871   53.918665993499   33.901419325735
              B     76.626623700717   51.512503617590   32.980409152856
              N     75.014297517318   50.022802763064   31.472548229738
              H     75.538194014657   48.347432608238   30.749679792473
              H     74.096428364260   54.440761174974   33.916328180607
              H     76.899180235348   54.693689023152   35.336692264341
              H     73.134649558565   50.282210059046   31.421206558982
$End
$SCF_Mulliken_Population_Analysis
   &GeometryIndex 1
   &NAtoms [&Type "Integer"] 28
   &ATNO [&Type "ArrayOfIntegers", &Dim (28,1)] 
                                                         0

0                                                        7
1                                                        5
2                                                        7
3                                                        5
4                                                        7
5                                                        5
6                                                        7
7                                                        1
8                                                        1
9                                                        1
10                                                       1
11                                                       5
12                                                       5
13                                                       7
14                                                       1
15                                                       1
16                                                       1
17                                                       1
18                                                       1
19                                                       1
20                                                       1
21                                                       7
22                                                       5
23                                                       7
24                                                       1
25                                                       1
26                                                       1
27                                                       1
   &AtomicCharges [&Type "ArrayOfDoubles", &Dim (28,1)] 
                                                         0

0                                     -4.9436566283953098e-01
1                                      1.7996569763182979e-01
2                                     -2.3867877259944770e-01
3                                     -4.4254909330548209e-02
4                                     -1.7571833787024094e-01
5                                      4.9577440808541873e-02
6                                     -3.4053699570797313e-01
7                                      2.3243035822750890e-02
8                                      2.0988660218658006e-01
9                                     -2.2386871706967071e-02
10                                     2.0183762404688166e-01
11                                    -1.2960397699431869e-01
12                                    -3.9158430534134148e-02
13                                     1.7123384531803509e-02
14                                     4.3017094445745307e-03
15                                    -3.1800929708160730e-02
16                                    -8.7324932643074504e-02
17                                    -5.4142573840936237e-03
18                                     2.3919993779551518e-01
19                                     2.5622798973850403e-01
20                                     2.3264268008975320e-01
21                                    -4.9228884418199836e-01
22                                     1.7358945770264977e-01
23                                    -4.5850353172465574e-01
24                                     2.4669788266340964e-01
25                                     2.3249394113533040e-01
26                                     2.5846244307989019e-01
27                                     2.3478662654761373e-01
   &Method [&Type "String"] "SCF"
   &Level [&Type "String"] "Relaxed density"
   &Mult [&Type "Integer"] 1
   &State [&Type "Integer"] -1
   &Irrep [&Type "Integer"] 0
$End
$SCF_Loewdin_Population_Analysis
   &GeometryIndex 1
   &NAtoms [&Type "Integer"] 28
   &ATNO [&Type "ArrayOfIntegers", &Dim (28,1)] 
                                                         0

0                                                        7
1                                                        5
2                                                        7
3                                                        5
4                                                        7
5                                                        5
6                                                        7
7                                                        1
8                                                        1
9                                                        1
10                                                       1
11                                                       5
12                                                       5
13                                                       7
14                                                       1
15                                                       1
16                                                       1
17                                                       1
18                                                       1
19                                                       1
20                                                       1
21                                                       7
22                                                       5
23                                                       7
24                                                       1
25                                                       1
26                                                       1
27                                                       1
   &AtomicCharges [&Type "ArrayOfDoubles", &Dim (28,1)] 
                                                         0

0                                      4.3510965000233881e-02
1                                     -8.0354054399060360e-01
2                                      4.3474682790598251e-01
3                                     -4.1561228875796896e-01
4                                      3.6203705379449591e-01
5                                     -7.2753155758231092e-01
6                                      2.6282821432259684e-01
7                                      6.5164397320044198e-02
8                                      2.4414279394521454e-01
9                                      6.8197764886707479e-02
10                                     1.8000325879861512e-01
11                                    -3.1312198918283851e-01
12                                    -7.0712264792070734e-01
13                                     4.2352912085993211e-01
14                                     6.4757576402001527e-02
15                                     6.1396412776372755e-02
16                                     9.2497918300152637e-02
17                                     4.6280270698989323e-02
18                                     1.7736078894322715e-01
19                                     1.8785730801804512e-01
20                                     2.7301486529810226e-01
21                                     4.5706721430465613e-02
22                                    -8.8038646592337422e-01
23                                     7.6318313365304924e-02
24                                     1.8610041634231578e-01
25                                     1.8056226312000712e-01
26                                     1.8889848446776369e-01
27                                     1.8240375736172199e-01
   &Method [&Type "String"] "SCF"
   &Level [&Type "String"] "Relaxed density"
   &Mult [&Type "Integer"] 1
   &State [&Type "Integer"] -1
   &Irrep [&Type "Integer"] 0
$End
$SCF_Mayer_Population_Analysis
   &GeometryIndex 1
   &NAtoms [&Type "Integer"] 28 "Total number of atoms"
   &NBondOrdersPrint [&Type "Integer"] 84 "The number of bond orders larger than threshold"
   &bondThresh [&Type "Double"]       1.0000000000000000e-02  "The threshold for printing"
   &components [&Type "ArrayOfIntegers", &Dim (84,4)] "The indices and atomic numbers of the bonding atoms"
                                                         0                           1                           2                           3

0                                                        0                           7                           1                           5
1                                                        0                           7                           2                           7
2                                                        0                           7                           6                           7
3                                                        0                           7                          18                           1
4                                                        0                           7                          19                           1
5                                                        0                           7                          26                           1
6                                                        1                           5                           2                           7
7                                                        1                           5                           5                           5
8                                                        1                           5                           6                           7
9                                                        1                           5                          10                           1
10                                                       1                           5                          18                           1
11                                                       1                           5                          19                           1
12                                                       1                           5                          20                           1
13                                                       2                           7                           4                           7
14                                                       2                           7                           5                           5
15                                                       2                           7                          10                           1
16                                                       2                           7                          12                           5
17                                                       2                           7                          16                           1
18                                                       2                           7                          20                           1
19                                                       2                           7                          21                           7
20                                                       2                           7                          22                           5
21                                                       3                           5                           4                           7
22                                                       3                           5                           5                           5
23                                                       3                           5                           7                           1
24                                                       3                           5                           8                           1
25                                                       3                           5                           9                           1
26                                                       3                           5                          11                           5
27                                                       3                           5                          12                           5
28                                                       3                           5                          13                           7
29                                                       3                           5                          14                           1
30                                                       3                           5                          15                           1
31                                                       3                           5                          16                           1
32                                                       3                           5                          22                           5
33                                                       3                           5                          23                           7
34                                                       4                           7                           5                           5
35                                                       4                           7                           6                           7
36                                                       4                           7                           7                           1
37                                                       4                           7                           8                           1
38                                                       4                           7                           9                           1
39                                                       4                           7                          11                           5
40                                                       4                           7                          12                           5
41                                                       4                           7                          13                           7
42                                                       4                           7                          16                           1
43                                                       5                           5                           6                           7
44                                                       5                           5                           8                           1
45                                                       5                           5                           9                           1
46                                                       5                           5                          10                           1
47                                                       5                           5                          12                           5
48                                                       5                           5                          22                           5
49                                                       6                           7                           9                           1
50                                                       6                           7                          10                           1
51                                                       6                           7                          12                           5
52                                                       6                           7                          20                           1
53                                                       7                           1                          12                           5
54                                                       7                           1                          13                           7
55                                                       9                           1                          12                           5
56                                                      11                           5                          12                           5
57                                                      11                           5                          13                           7
58                                                      11                           5                          14                           1
59                                                      11                           5                          17                           1
60                                                      12                           5                          13                           7
61                                                      12                           5                          14                           1
62                                                      12                           5                          15                           1
63                                                      12                           5                          16                           1
64                                                      12                           5                          17                           1
65                                                      12                           5                          22                           5
66                                                      12                           5                          23                           7
67                                                      13                           7                          14                           1
68                                                      13                           7                          15                           1
69                                                      13                           7                          23                           7
70                                                      15                           1                          16                           1
71                                                      16                           1                          22                           5
72                                                      19                           1                          21                           7
73                                                      20                           1                          22                           5
74                                                      21                           7                          22                           5
75                                                      21                           7                          25                           1
76                                                      21                           7                          26                           1
77                                                      22                           5                          23                           7
78                                                      22                           5                          24                           1
79                                                      22                           5                          25                           1
80                                                      22                           5                          26                           1
81                                                      22                           5                          27                           1
82                                                      23                           7                          24                           1
83                                                      23                           7                          27                           1
   &BondOrders [&Type "ArrayOfDoubles", &Dim (84,1)] "The bond orders"
                                                         0

0                                      1.3217699422113229e+00
1                                     -1.5055831634833801e-02
2                                      2.5287084522945778e-02
3                                      9.1501238482376668e-01
4                                      8.9989529452921269e-01
5                                      1.0117888365567070e-02
6                                      8.6749806871510093e-01
7                                      6.6768015296093094e-02
8                                      1.4784609272703977e+00
9                                      1.0364224750459516e-02
10                                     1.9393557815226156e-02
11                                     2.4392153538175709e-02
12                                     2.0544604965005903e-02
13                                    -1.1714593227110243e-02
14                                     7.6399216007996062e-01
15                                     1.2309045685389580e-02
16                                     1.5089800114574893e-02
17                                     1.5246271895802877e-02
18                                     8.6949543557269848e-01
19                                    -2.8660561593003089e-02
20                                     9.2663724891241328e-01
21                                     9.2510516587460900e-01
22                                     1.5427219290111411e-02
23                                     9.7787315555875431e-01
24                                     2.7750888931020179e-02
25                                    -1.1005582629662690e-02
26                                     1.0052923019167337e-01
27                                     7.9703021510915961e-02
28                                     1.3781549593627804e+00
29                                     1.1403912418093267e-02
30                                     1.6817032777556789e-02
31                                     1.4997521747969117e-02
32                                     1.1350958656582644e-02
33                                     1.1082300104439910e-01
34                                     8.4305611689566962e-01
35                                    -4.1007377171838097e-02
36                                    -2.0481335782556107e-02
37                                     8.9141430284619005e-01
38                                    -2.3757997461076593e-02
39                                     1.0085223604719657e-02
40                                     7.4091439034939510e-01
41                                     1.9647168916425532e-02
42                                    -1.5426518116731264e-02
43                                     9.4353934956806462e-01
44                                     1.3949275493456688e-02
45                                     9.9639988436838745e-01
46                                     1.2591458350913302e-02
47                                     2.1760359942401639e-02
48                                     1.8185148702774805e-02
49                                    -1.7027102363865499e-02
50                                     9.2296314348148445e-01
51                                     1.2074205270113431e-02
52                                     1.1299156186667478e-02
53                                     3.5945617205061564e-02
54                                    -1.6212723802540630e-02
55                                     1.5070695811317938e-02
56                                     1.5124196746898652e-02
57                                     1.3218418253517541e+00
58                                     9.9854358815728639e-01
59                                     9.8259474844222405e-01
60                                     8.2852204870816992e-01
61                                    -1.1327106956150863e-02
62                                     9.6651817203656953e-01
63                                     9.1845514330787692e-01
64                                     1.1404934444440473e-02
65                                     1.5353109212449983e-02
66                                    -2.9613717992015384e-02
67                                    -1.1612858918365844e-02
68                                    -1.0576037778063679e-02
69                                    -3.4445791251182196e-02
70                                    -1.1747422751990109e-02
71                                     3.6133361830206601e-02
72                                     1.7190850679306695e-02
73                                     1.8123702582286492e-02
74                                     1.3590574147372996e+00
75                                     9.1753640913169388e-01
76                                     9.0501740737225078e-01
77                                     1.3718311530252643e+00
78                                     2.4933840376072120e-02
79                                     2.2136408766447783e-02
80                                     1.6652825020368699e-02
81                                     2.3505530386740012e-02
82                                     9.0635599661910093e-01
83                                     9.1561512968266923e-01
   &ATNO [&Type "ArrayOfIntegers", &Dim (28,1)] "Atomic number of the elements"
                                                         0

0                                                        7
1                                                        5
2                                                        7
3                                                        5
4                                                        7
5                                                        5
6                                                        7
7                                                        1
8                                                        1
9                                                        1
10                                                       1
11                                                       5
12                                                       5
13                                                       7
14                                                       1
15                                                       1
16                                                       1
17                                                       1
18                                                       1
19                                                       1
20                                                       1
21                                                       7
22                                                       5
23                                                       7
24                                                       1
25                                                       1
26                                                       1
27                                                       1
   &NA [&Type "ArrayOfDoubles", &Dim (28,1)] "Mulliken gross atomic population"
                                                         0

0                                      7.4943656628395399e+00
1                                      4.8200343023681782e+00
2                                      7.2386787725994530e+00
3                                      5.0442549093305544e+00
4                                      7.1757183378702525e+00
5                                      4.9504225591914501e+00
6                                      7.3405369957079865e+00
7                                      9.7675696417724933e-01
8                                      7.9011339781342027e-01
9                                      1.0223868717069673e+00
10                                     7.9816237595311834e-01
11                                     5.1296039769943196e+00
12                                     5.0391584305341386e+00
13                                     6.9828766154681841e+00
14                                     9.9569829055542514e-01
15                                     1.0318009297081603e+00
16                                     1.0873249326430736e+00
17                                     1.0054142573840934e+00
18                                     7.6080006220448482e-01
19                                     7.4377201026149553e-01
20                                     7.6735731991024669e-01
21                                     7.4922888441820037e+00
22                                     4.8264105422973360e+00
23                                     7.4585035317246655e+00
24                                     7.5330211733659080e-01
25                                     7.6750605886467005e-01
26                                     7.4153755692011025e-01
27                                     7.6521337345238594e-01
   &ZA [&Type "ArrayOfDoubles", &Dim (28,1)] "Total nuclear charge"
                                                         0

0                                      7.0000000000000000e+00
1                                      5.0000000000000000e+00
2                                      7.0000000000000000e+00
3                                      5.0000000000000000e+00
4                                      7.0000000000000000e+00
5                                      5.0000000000000000e+00
6                                      7.0000000000000000e+00
7                                      1.0000000000000000e+00
8                                      1.0000000000000000e+00
9                                      1.0000000000000000e+00
10                                     1.0000000000000000e+00
11                                     5.0000000000000000e+00
12                                     5.0000000000000000e+00
13                                     7.0000000000000000e+00
14                                     1.0000000000000000e+00
15                                     1.0000000000000000e+00
16                                     1.0000000000000000e+00
17                                     1.0000000000000000e+00
18                                     1.0000000000000000e+00
19                                     1.0000000000000000e+00
20                                     1.0000000000000000e+00
21                                     7.0000000000000000e+00
22                                     5.0000000000000000e+00
23                                     7.0000000000000000e+00
24                                     1.0000000000000000e+00
25                                     1.0000000000000000e+00
26                                     1.0000000000000000e+00
27                                     1.0000000000000000e+00
   &QA [&Type "ArrayOfDoubles", &Dim (28,1)] "Mulliken gross atomic charge"
                                                         0

0                                     -4.9436566283953987e-01
1                                      1.7996569763182180e-01
2                                     -2.3867877259945303e-01
3                                     -4.4254909330554426e-02
4                                     -1.7571833787025248e-01
5                                      4.9577440808549866e-02
6                                     -3.4053699570798646e-01
7                                      2.3243035822750668e-02
8                                      2.0988660218657973e-01
9                                     -2.2386871706967293e-02
10                                     2.0183762404688166e-01
11                                    -1.2960397699431958e-01
12                                    -3.9158430534138589e-02
13                                     1.7123384531815944e-02
14                                     4.3017094445748638e-03
15                                    -3.1800929708160286e-02
16                                    -8.7324932643073616e-02
17                                    -5.4142573840934016e-03
18                                     2.3919993779551518e-01
19                                     2.5622798973850447e-01
20                                     2.3264268008975331e-01
21                                    -4.9228884418200369e-01
22                                     1.7358945770266399e-01
23                                    -4.5850353172466551e-01
24                                     2.4669788266340920e-01
25                                     2.3249394113532995e-01
26                                     2.5846244307988975e-01
27                                     2.3478662654761406e-01
   &VA [&Type "ArrayOfDoubles", &Dim (28,1)] "Mayer's total valence"
                                                         0

0                                      3.1579487222458269e+00
1                                      3.8400069324495858e+00
2                                      3.4333713430657831e+00
3                                      3.6552170000819739e+00
4                                      3.3219028949991101e+00
5                                      3.7099968322624624e+00
6                                      3.3420687439381620e+00
7                                      9.7360705208818410e-01
8                                      9.4700242153882452e-01
9                                      9.7437869547026079e-01
10                                     9.6316088519785725e-01
11                                     3.4550686765503982e+00
12                                     3.6466826765028664e+00
13                                     3.4743541751667850e+00
14                                     9.7990752610267662e-01
15                                     9.6663950326201320e-01
16                                     9.5957746569060709e-01
17                                     9.7473045086100907e-01
18                                     9.4652221643942602e-01
19                                     9.4892288927946322e-01
20                                     9.2987599217805428e-01
21                                     3.1889856707899344e+00
22                                     3.8602686311357433e+00
23                                     3.2460122403847080e+00
24                                     9.4978780709011934e-01
25                                     9.5355830926750840e-01
26                                     9.4340184969805407e-01
27                                     9.5353652553273982e-01
   &BVA [&Type "ArrayOfDoubles", &Dim (28,1)] "Mayer's bonded valence"
                                                         0

0                                      3.1579487222456928e+00
1                                      3.8400069324494885e+00
2                                      3.4333713430656534e+00
3                                      3.6552170000817830e+00
4                                      3.3219028949990612e+00
5                                      3.7099968322625019e+00
6                                      3.3420687439381105e+00
7                                      9.7360705208813858e-01
8                                      9.4700242153882219e-01
9                                      9.7437869547026701e-01
10                                     9.6316088519785581e-01
11                                     3.4550686765504222e+00
12                                     3.6466826765028180e+00
13                                     3.4743541751666687e+00
14                                     9.7990752610266818e-01
15                                     9.6663950326197812e-01
16                                     9.5957746569059910e-01
17                                     9.7473045086102383e-01
18                                     9.4652221643940881e-01
19                                     9.4892288927943969e-01
20                                     9.2987599217802408e-01
21                                     3.1889856707898643e+00
22                                     3.8602686311357166e+00
23                                     3.2460122403846636e+00
24                                     9.4978780709011545e-01
25                                     9.5355830926750462e-01
26                                     9.4340184969804430e-01
27                                     9.5353652553273960e-01
   &FA [&Type "ArrayOfDoubles", &Dim (28,1)] "Mayer's free valence"
                                                         0

0                                      0.0000000000000000e+00
1                                      0.0000000000000000e+00
2                                      0.0000000000000000e+00
3                                      0.0000000000000000e+00
4                                      0.0000000000000000e+00
5                                      0.0000000000000000e+00
6                                      0.0000000000000000e+00
7                                      0.0000000000000000e+00
8                                      0.0000000000000000e+00
9                                      0.0000000000000000e+00
10                                     0.0000000000000000e+00
11                                     0.0000000000000000e+00
12                                     0.0000000000000000e+00
13                                     0.0000000000000000e+00
14                                     0.0000000000000000e+00
15                                     0.0000000000000000e+00
16                                     0.0000000000000000e+00
17                                     0.0000000000000000e+00
18                                     0.0000000000000000e+00
19                                     0.0000000000000000e+00
20                                     0.0000000000000000e+00
21                                     0.0000000000000000e+00
22                                     0.0000000000000000e+00
23                                     0.0000000000000000e+00
24                                     0.0000000000000000e+00
25                                     0.0000000000000000e+00
26                                     0.0000000000000000e+00
27                                     0.0000000000000000e+00
   &Method [&Type "String"] "SCF"
   &Level [&Type "String"] "Relaxed density"
   &Mult [&Type "Integer"] 1
   &State [&Type "Integer"] -1
   &Irrep [&Type "Integer"] 0
$End
$SCF_Hirshfeld_Population_Analysis
   &GeometryIndex 1
   &NAtoms [&Type "Integer"] 28
   &ATNO [&Type "ArrayOfIntegers", &Dim (28,1)] 
                                                         0

0                                                        7
1                                                        5
2                                                        7
3                                                        5
4                                                        7
5                                                        5
6                                                        7
7                                                        1
8                                                        1
9                                                        1
10                                                       1
11                                                       5
12                                                       5
13                                                       7
14                                                       1
15                                                       1
16                                                       1
17                                                       1
18                                                       1
19                                                       1
20                                                       1
21                                                       7
22                                                       5
23                                                       7
24                                                       1
25                                                       1
26                                                       1
27                                                       1
   &DENSA [&Type "Double"]       4.6999998245348941e+01  "Total integrated alpha density"
   &DENSB [&Type "Double"]       4.6999998245348941e+01  "Total integrated beta density"
   &AtomicCharges [&Type "ArrayOfDoubles", &Dim (28,1)] 
                                                         0

0                                     -2.3822740588761349e-01
1                                      1.8892533370846287e-01
2                                     -1.4052285552694155e-01
3                                      1.9554463933775423e-01
4                                     -1.5206198838181795e-01
5                                      1.0698746941746151e-01
6                                     -2.5129706091820569e-01
7                                     -5.8977101569746671e-02
8                                      1.4174685840123091e-01
9                                     -9.8764835422104902e-02
10                                     1.1758503190964420e-01
11                                     1.4164842134384337e-01
12                                    -1.0506051507146452e-03
13                                    -2.3803016698568147e-01
14                                    -6.3777804568041496e-02
15                                    -1.0331203069223616e-01
16                                    -8.6374467668489885e-02
17                                    -7.8999620815754623e-02
18                                     1.2491444365292692e-01
19                                     1.1834011595745841e-01
20                                     1.4078772529646100e-01
21                                    -2.3799576072049433e-01
22                                     2.0378089569403990e-01
23                                    -2.2836660064527337e-01
24                                     1.2244945668560747e-01
25                                     1.2374360368492598e-01
26                                     1.2253909020031672e-01
27                                     1.2876872896736435e-01
   &Spin [&Type "ArrayOfDoubles", &Dim (28,1)] 
                                                         0

0                                      0.0000000000000000e+00
1                                      0.0000000000000000e+00
2                                      0.0000000000000000e+00
3                                      0.0000000000000000e+00
4                                      0.0000000000000000e+00
5                                      0.0000000000000000e+00
6                                      0.0000000000000000e+00
7                                      0.0000000000000000e+00
8                                      0.0000000000000000e+00
9                                      0.0000000000000000e+00
10                                     0.0000000000000000e+00
11                                     0.0000000000000000e+00
12                                     0.0000000000000000e+00
13                                     0.0000000000000000e+00
14                                     0.0000000000000000e+00
15                                     0.0000000000000000e+00
16                                     0.0000000000000000e+00
17                                     0.0000000000000000e+00
18                                     0.0000000000000000e+00
19                                     0.0000000000000000e+00
20                                     0.0000000000000000e+00
21                                     0.0000000000000000e+00
22                                     0.0000000000000000e+00
23                                     0.0000000000000000e+00
24                                     0.0000000000000000e+00
25                                     0.0000000000000000e+00
26                                     0.0000000000000000e+00
27                                     0.0000000000000000e+00
   &Method [&Type "String"] "SCF"
   &Level [&Type "String"] "Relaxed density"
   &Mult [&Type "Integer"] 1
   &State [&Type "Integer"] -1
   &Irrep [&Type "Integer"] 0
$End
$SCF_MBIS_Population_Analysis
   &GeometryIndex 1
   &NAtoms [&Type "Integer"] 28
   &ATNO [&Type "ArrayOfIntegers", &Dim (28,1)] 
                                                         0

0                                                        7
1                                                        5
2                                                        7
3                                                        5
4                                                        7
5                                                        5
6                                                        7
7                                                        1
8                                                        1
9                                                        1
10                                                       1
11                                                       5
12                                                       5
13                                                       7
14                                                       1
15                                                       1
16                                                       1
17                                                       1
18                                                       1
19                                                       1
20                                                       1
21                                                       7
22                                                       5
23                                                       7
24                                                       1
25                                                       1
26                                                       1
27                                                       1
   &Thresh [&Type "Double"]       9.9999999999999995e-07
   &Niter [&Type "Integer"] 135
   &LargePrint [&Type "Boolean"] false
   &DENSA [&Type "Double"]       4.6999998245348941e+01  "Total integrated alpha density"
   &DENSB [&Type "Double"]       4.6999998245348941e+01  "Total integrated beta density"
   &AtomicCharges [&Type "ArrayOfDoubles", &Dim (28,1)] 
                                                         0

0                                     -1.2701353833717874e+00
1                                      1.2035806654391035e+00
2                                     -1.1344457416599720e+00
3                                      8.8452200449580598e-01
4                                     -1.0012482010360486e+00
5                                      9.7955181229355581e-01
6                                     -1.1854653885190203e+00
7                                     -2.4353564729348642e-01
8                                      4.0697565037828554e-01
9                                     -3.0515583881929698e-01
10                                     4.2131299747370043e-01
11                                     7.3199141508694243e-01
12                                     5.7819083046856257e-01
13                                    -9.6233138534053619e-01
14                                    -2.1592938940588491e-01
15                                    -2.5000754919202373e-01
16                                    -2.2437409266808483e-01
17                                    -2.4577448010478253e-01
18                                     4.3896685426953552e-01
19                                     4.5120074871957749e-01
20                                     4.0879903747155122e-01
21                                    -1.2763329158396512e+00
22                                     1.3204984835219942e+00
23                                    -1.2597881144479395e+00
24                                     4.3543550720151702e-01
25                                     4.3281446442754490e-01
26                                     4.4256668383904441e-01
27                                     4.3812048191537745e-01
   &Spin [&Type "ArrayOfDoubles", &Dim (28,1)] 
                                                         0

0                                      0.0000000000000000e+00
1                                      0.0000000000000000e+00
2                                      0.0000000000000000e+00
3                                      0.0000000000000000e+00
4                                      0.0000000000000000e+00
5                                      0.0000000000000000e+00
6                                      0.0000000000000000e+00
7                                      0.0000000000000000e+00
8                                      0.0000000000000000e+00
9                                      0.0000000000000000e+00
10                                     0.0000000000000000e+00
11                                     0.0000000000000000e+00
12                                     0.0000000000000000e+00
13                                     0.0000000000000000e+00
14                                     0.0000000000000000e+00
15                                     0.0000000000000000e+00
16                                     0.0000000000000000e+00
17                                     0.0000000000000000e+00
18                                     0.0000000000000000e+00
19                                     0.0000000000000000e+00
20                                     0.0000000000000000e+00
21                                     0.0000000000000000e+00
22                                     0.0000000000000000e+00
23                                     0.0000000000000000e+00
24                                     0.0000000000000000e+00
25                                     0.0000000000000000e+00
26                                     0.0000000000000000e+00
27                                     0.0000000000000000e+00
   &NPOPVAL [&Type "ArrayOfDoubles", &Dim (28,1)] 
                                                         0

0                                      6.6234400106337947e+00
1                                      2.0833060248052910e+00
2                                      6.4997130256115376e+00
3                                      2.4060516131278371e+00
4                                      6.3640121759727180e+00
5                                      2.3144994067158997e+00
6                                      6.5408529218541034e+00
7                                      1.2435356472934864e+00
8                                      5.9302434962171446e-01
9                                      1.3051558388192972e+00
10                                     5.7868700252629979e-01
11                                     2.5684541036268596e+00
12                                     2.7204857048006201e+00
13                                     6.3276545761974834e+00
14                                     1.2159293894058849e+00
15                                     1.2500075491920237e+00
16                                     1.2243740926680848e+00
17                                     1.2457744801047825e+00
18                                     5.6103314573046448e-01
19                                     5.4879925128042262e-01
20                                     5.9120096252844878e-01
21                                     6.6302587132162678e+00
22                                     1.9737068534372977e+00
23                                     6.6155935881960106e+00
24                                     5.6456449279848298e-01
25                                     5.6718553557245510e-01
26                                     5.5743331616095571e-01
27                                     5.6187951808462255e-01
   &SIGMAVAL [&Type "ArrayOfDoubles", &Dim (28,1)] 
                                                         0

0                                      4.7798946469184422e-01
1                                      5.1434602294206544e-01
2                                      4.6981515699589621e-01
3                                      5.4529113088924519e-01
4                                      4.6756116013724597e-01
5                                      5.3560234654184502e-01
6                                      4.7552970162254837e-01
7                                      4.4357989670070508e-01
8                                      3.3808948713290404e-01
9                                      4.5265555785045275e-01
10                                     3.3432346397385843e-01
11                                     5.5014556684502258e-01
12                                     5.6673902640515683e-01
13                                     4.6477911312700021e-01
14                                     4.3870882633876296e-01
15                                     4.5093313565224091e-01
16                                     4.3979275354918934e-01
17                                     4.4638187777438609e-01
18                                     3.2947708667771081e-01
19                                     3.2807902164111841e-01
20                                     3.3973401511623036e-01
21                                     4.7789659935451861e-01
22                                     4.9654745618940593e-01
23                                     4.7652944102442091e-01
24                                     3.3087519784427338e-01
25                                     3.3056789765454109e-01
26                                     3.2974779423735129e-01
27                                     3.2905434197166450e-01
   &Method [&Type "String"] "SCF"
   &Level [&Type "String"] "Relaxed density"
   &Mult [&Type "Integer"] 1
   &State [&Type "Integer"] -1
   &Irrep [&Type "Integer"] 0
$End
$SCF_CHELPG_Population_Analysis
   &GeometryIndex 1
   &NAtoms [&Type "Integer"] 28
   &ATNO [&Type "ArrayOfIntegers", &Dim (28,1)] 
                                                         0

0                                                        7
1                                                        5
2                                                        7
3                                                        5
4                                                        7
5                                                        5
6                                                        7
7                                                        1
8                                                        1
9                                                        1
10                                                       1
11                                                       5
12                                                       5
13                                                       7
14                                                       1
15                                                       1
16                                                       1
17                                                       1
18                                                       1
19                                                       1
20                                                       1
21                                                       7
22                                                       5
23                                                       7
24                                                       1
25                                                       1
26                                                       1
27                                                       1
   &AtomicCharges [&Type "ArrayOfDoubles", &Dim (28,1)] 
                                                         0

0                                     -1.1384496819146748e+00
1                                      7.9747144787650814e-01
2                                     -6.4378972913539956e-01
3                                      1.5125801461772503e-01
4                                     -4.0631129865585319e-01
5                                      5.0167664854927696e-01
6                                     -8.6333210519290782e-01
7                                     -7.8670091552325905e-02
8                                      3.0402299854873721e-01
9                                     -2.2616509636082863e-01
10                                     3.6684094282740520e-01
11                                     2.2571748899632352e-01
12                                     3.0492828114650111e-01
13                                    -1.9414605950582606e-01
14                                    -1.1019748668117002e-01
15                                    -2.1269370860307460e-01
16                                    -2.2751879133034075e-01
17                                    -1.4503787682022992e-01
18                                     4.3945649595884317e-01
19                                     4.0813864771566921e-01
20                                     3.0398104967627249e-01
21                                    -1.1781199382672112e+00
22                                     1.1296407135256075e+00
23                                    -1.2697456424239728e+00
24                                     4.4391149631525262e-01
25                                     4.2933573613587128e-01
26                                     4.2297464183657302e-01
27                                     4.6482290271724874e-01
   &Method [&Type "String"] "SCF"
   &Level [&Type "String"] "Relaxed density"
   &Mult [&Type "Integer"] 1
   &State [&Type "Integer"] -1
   &Irrep [&Type "Integer"] 0
$End
$SCF_Energy
   &GeometryIndex 1
   &Method [&Type "String"] "SCF"
   &totalEnergy [&Type "ArrayOfDoubles", &Dim (1,1)] "Total energy of each state"
                                                         0

0                                     -5.4128957774138280e+02
   &Mult [&Type "ArrayOfIntegers", &Dim (1,1)] "Multiplicity of each state"
                                                         0

0                                                        1
$End
$DFT_Energy
   &GeometryIndex 1
   &nAlphaEl [&Type "Integer"] 47
   &nBetaEl [&Type "Integer"] 47
   &nTotalEl [&Type "Integer"] 94
   &finalEn [&Type "Double"]      -5.4128957774138280e+02  "No Van der Waals correction"
   &eExchange [&Type "Double"]      -5.6287378328558880e+01
   &eCorr [&Type "Double"]      -3.0664212576785985e+00
   &eXC [&Type "Double"]      -5.9353799586237479e+01
   &eCNL [&Type "Double"]       0.0000000000000000e+00
$End
$SCF_Timings
   &GeometryIndex 1
   &TOTAL [&Type "Double"]       2.8550965800000000e+02
   &PREP [&Type "Double"]       3.7810499999999997e-01
   &FOCK [&Type "Double"]       2.7019455100000005e+02
   &DENS [&Type "Double"]       1.5966499999998973e-01
   &ETOT [&Type "Double"]       8.6710999999986882e-02
   &POP [&Type "Double"]       5.5234405600000002e+02
   &TRAFO [&Type "Double"]       1.9773400000002539e-01
   &DIIS [&Type "Double"]       9.2126900000000944e-01
   &SOSCF [&Type "Double"]       4.4416599999998141e-01
   &XC [&Type "Double"]       4.8766791999999995e+01
   &FOCKSTART [&Type "Double"]       2.2259000000030615e-02
   &INT_PREP [&Type "Double"]       3.9999999970063982e-06
   &INT_BF [&Type "Double"]       1.5593494000000256e+01
   &INT_DENS [&Type "Double"]       1.4331176000000717e+01
   &INT_DENSIO [&Type "Double"]       2.1288261448259954e+06
   &INT_FUNC [&Type "Double"]       4.6887500000108062e-01
   &INT_POT [&Type "Double"]       1.6211751000001396e+01
   &INT_POTIO [&Type "Double"]       1.7103999999815400e-01
   &INT_SUM [&Type "Double"]       2.9100000007531435e-04
   &SPLITRIJ [&Type "Double"]       9.9914860000000409e+00
   &COSX [&Type "Double"]       2.2458952399999998e+02
$End
$VdW_Correction
   &GeometryIndex 1
   &vdW [&Type "Double"]      -2.9122606810964475e-02
$End
$Single_Point_Data
   &GeometryIndex 1
   &FinalEnergy [&Type "Double"]      -5.4131870034819372e+02  "Final single point energy"
   &Converged [&Type "Boolean"] true
$End
$Calculation_Info
   &GeometryIndex 1
   &Mult [&Type "Integer"] 1
   &Charge [&Type "Integer"] 0
   &NumOfAtoms [&Type "Integer"] 28
   &NumOfElectrons [&Type "Integer"] 94
   &NumOfBasisFuncts [&Type "Integer"] 493
   &NumOfAuxCBasisFuncts [&Type "Integer"] 0
   &NumOfAuxJBasisFuncts [&Type "Integer"] 802
   &NumOfAuxJKBasisFuncts [&Type "Integer"] 0
   &NumOfCABSBasisFuncts [&Type "Integer"] 0
$End
$SCF_Dipole_Moment
   &GeometryIndex 1
   &dipoleMagnitude [&Type "Double", &Units "a.u."]       1.9235710521645148e+00
   &dipoleElecContrib [&Type "ArrayOfDoubles", &Dim (3,1)] "Electronic contribution"
                                                         0

0                                      2.9678184739022075e+00
1                                     -2.0694801021989373e+00
2                                     -5.8896979117031412e-01
   &dipoleNucContrib [&Type "ArrayOfDoubles", &Dim (3,1)] "Nuclear contribution"
                                                         0

0                                     -2.2639521136902516e+00
1                                      3.2054374379140071e+00
2                                     -7.9461203551085191e-01
   &dipoleTotal [&Type "ArrayOfDoubles", &Dim (3,1)] "Total"
                                                         0

0                                      7.0386636021195592e-01
1                                      1.1359573357150698e+00
2                                     -1.3835818266811661e+00
   &doAtomicDipole [&Type "Boolean"] false
   &Method [&Type "String"] "SCF"
   &Level [&Type "String"] "Relaxed density"
   &Mult [&Type "Integer"] 1
   &State [&Type "Integer"] -1
   &Irrep [&Type "Integer"] 0
$End
$Calculation_Timings
   &GeometryIndex 1
   &GTOINT [&Type "Double"]       1.1402021000000000e+01
   &SCF [&Type "Double"]       8.4086273800000004e+02
   &PROP [&Type "Double"]       7.1828500000003714e-01
   &SUM [&Type "Double"]       8.5298304400000006e+02
$End
